[1] "Prediction Error: 0.04449"
BestTune:
   k      RMSE   Rsquared     RMSESD RsquaredSD
1 49 0.2240413 0.03517175 0.03944377 0.01115557
TuneResults:
   k      RMSE   Rsquared     RMSESD  RsquaredSD
1 25 0.2248429 0.03218296 0.03887440 0.011725342
2 28 0.2247296 0.03196064 0.03895010 0.010635056
3 31 0.2245212 0.03294938 0.03901749 0.013037880
4 34 0.2243689 0.03364232 0.03916100 0.012723319
5 37 0.2242329 0.03436081 0.03909972 0.012641414
6 40 0.2241884 0.03434972 0.03907663 0.011767465
7 43 0.2242031 0.03400191 0.03920384 0.010571458
8 46 0.2241979 0.03380719 0.03927287 0.009953336
9 49 0.2240413 0.03517175 0.03944377 0.011155567
