BestTune:
   k  Accuracy     Kappa  AccuracySD    KappaSD
1 31 0.8696718 0.1999948 0.002798538 0.02193753
TuneResults:
    k  Accuracy     Kappa  AccuracySD    KappaSD
1  23 0.8693759 0.2169581 0.002947867 0.02337177
2  24 0.8694490 0.2163201 0.003055904 0.02300771
3  25 0.8696519 0.2141697 0.002819505 0.02165755
4  26 0.8696419 0.2128283 0.002966667 0.02224600
5  27 0.8694091 0.2073017 0.002826675 0.02137979
6  28 0.8693659 0.2053088 0.002874313 0.02257654
7  29 0.8694756 0.2024174 0.002889837 0.02146907
8  30 0.8694224 0.2009158 0.002755810 0.02009512
9  31 0.8696718 0.1999948 0.002798538 0.02193753
10 32 0.8695754 0.1981645 0.002846164 0.02131766
11 33 0.8695621 0.1957364 0.002738479 0.02075696
