BestTune:
   k  Accuracy     Kappa AccuracySD    KappaSD
1 17 0.8978252 0.1181002 0.00170337 0.02020631
TuneResults:
    k  Accuracy     Kappa  AccuracySD    KappaSD
1   8 0.8938165 0.1460612 0.002143059 0.02181299
2   9 0.8964257 0.1446242 0.001992671 0.02229826
3  10 0.8964670 0.1426943 0.001802668 0.02041511
4  11 0.8974485 0.1371534 0.001694045 0.02050789
5  12 0.8973111 0.1344680 0.001726392 0.02045672
6  13 0.8977702 0.1301999 0.001659670 0.01903273
7  14 0.8975337 0.1273830 0.001670896 0.01934618
8  15 0.8977757 0.1234455 0.001708643 0.01951521
9  16 0.8977289 0.1209014 0.001657116 0.01971029
10 17 0.8978252 0.1181002 0.001703370 0.02020631
11 18 0.8977042 0.1161713 0.001651600 0.01930066
