[1] "Prediction Error: 0.04444"
BestTune:
  eta max_depth gamma colsample_bytree min_child_weight subsample nrounds
1 0.3         3     0              0.8                1       0.5     150
       RMSE   Rsquared     RMSESD RsquaredSD
1 0.2165012 0.09987467 0.04302782 0.06480248
TuneResults
    eta max_depth gamma colsample_bytree min_child_weight subsample nrounds
1   0.3         1     0              0.8                1      0.50      50
4   0.3         1     0              0.8                1      0.60      50
7   0.3         1     0              0.8                1      0.75      50
10  0.3         1     0              1.0                1      0.50      50
13  0.3         1     0              1.0                1      0.60      50
16  0.3         1     0              1.0                1      0.75      50
55  0.4         1     0              0.8                1      0.50      50
58  0.4         1     0              0.8                1      0.60      50
61  0.4         1     0              0.8                1      0.75      50
64  0.4         1     0              1.0                1      0.50      50
67  0.4         1     0              1.0                1      0.60      50
70  0.4         1     0              1.0                1      0.75      50
19  0.3         2     0              0.8                1      0.50      50
22  0.3         2     0              0.8                1      0.60      50
25  0.3         2     0              0.8                1      0.75      50
28  0.3         2     0              1.0                1      0.50      50
31  0.3         2     0              1.0                1      0.60      50
34  0.3         2     0              1.0                1      0.75      50
73  0.4         2     0              0.8                1      0.50      50
76  0.4         2     0              0.8                1      0.60      50
79  0.4         2     0              0.8                1      0.75      50
82  0.4         2     0              1.0                1      0.50      50
85  0.4         2     0              1.0                1      0.60      50
88  0.4         2     0              1.0                1      0.75      50
37  0.3         3     0              0.8                1      0.50      50
40  0.3         3     0              0.8                1      0.60      50
43  0.3         3     0              0.8                1      0.75      50
46  0.3         3     0              1.0                1      0.50      50
49  0.3         3     0              1.0                1      0.60      50
52  0.3         3     0              1.0                1      0.75      50
91  0.4         3     0              0.8                1      0.50      50
94  0.4         3     0              0.8                1      0.60      50
97  0.4         3     0              0.8                1      0.75      50
100 0.4         3     0              1.0                1      0.50      50
103 0.4         3     0              1.0                1      0.60      50
106 0.4         3     0              1.0                1      0.75      50
2   0.3         1     0              0.8                1      0.50     100
5   0.3         1     0              0.8                1      0.60     100
8   0.3         1     0              0.8                1      0.75     100
11  0.3         1     0              1.0                1      0.50     100
14  0.3         1     0              1.0                1      0.60     100
17  0.3         1     0              1.0                1      0.75     100
56  0.4         1     0              0.8                1      0.50     100
59  0.4         1     0              0.8                1      0.60     100
62  0.4         1     0              0.8                1      0.75     100
65  0.4         1     0              1.0                1      0.50     100
68  0.4         1     0              1.0                1      0.60     100
71  0.4         1     0              1.0                1      0.75     100
20  0.3         2     0              0.8                1      0.50     100
23  0.3         2     0              0.8                1      0.60     100
26  0.3         2     0              0.8                1      0.75     100
29  0.3         2     0              1.0                1      0.50     100
32  0.3         2     0              1.0                1      0.60     100
35  0.3         2     0              1.0                1      0.75     100
74  0.4         2     0              0.8                1      0.50     100
77  0.4         2     0              0.8                1      0.60     100
80  0.4         2     0              0.8                1      0.75     100
83  0.4         2     0              1.0                1      0.50     100
86  0.4         2     0              1.0                1      0.60     100
89  0.4         2     0              1.0                1      0.75     100
38  0.3         3     0              0.8                1      0.50     100
41  0.3         3     0              0.8                1      0.60     100
44  0.3         3     0              0.8                1      0.75     100
47  0.3         3     0              1.0                1      0.50     100
50  0.3         3     0              1.0                1      0.60     100
53  0.3         3     0              1.0                1      0.75     100
92  0.4         3     0              0.8                1      0.50     100
95  0.4         3     0              0.8                1      0.60     100
98  0.4         3     0              0.8                1      0.75     100
101 0.4         3     0              1.0                1      0.50     100
104 0.4         3     0              1.0                1      0.60     100
107 0.4         3     0              1.0                1      0.75     100
3   0.3         1     0              0.8                1      0.50     150
6   0.3         1     0              0.8                1      0.60     150
9   0.3         1     0              0.8                1      0.75     150
12  0.3         1     0              1.0                1      0.50     150
15  0.3         1     0              1.0                1      0.60     150
18  0.3         1     0              1.0                1      0.75     150
57  0.4         1     0              0.8                1      0.50     150
60  0.4         1     0              0.8                1      0.60     150
63  0.4         1     0              0.8                1      0.75     150
66  0.4         1     0              1.0                1      0.50     150
69  0.4         1     0              1.0                1      0.60     150
72  0.4         1     0              1.0                1      0.75     150
21  0.3         2     0              0.8                1      0.50     150
24  0.3         2     0              0.8                1      0.60     150
27  0.3         2     0              0.8                1      0.75     150
30  0.3         2     0              1.0                1      0.50     150
33  0.3         2     0              1.0                1      0.60     150
36  0.3         2     0              1.0                1      0.75     150
75  0.4         2     0              0.8                1      0.50     150
78  0.4         2     0              0.8                1      0.60     150
81  0.4         2     0              0.8                1      0.75     150
84  0.4         2     0              1.0                1      0.50     150
87  0.4         2     0              1.0                1      0.60     150
90  0.4         2     0              1.0                1      0.75     150
39  0.3         3     0              0.8                1      0.50     150
42  0.3         3     0              0.8                1      0.60     150
45  0.3         3     0              0.8                1      0.75     150
48  0.3         3     0              1.0                1      0.50     150
51  0.3         3     0              1.0                1      0.60     150
54  0.3         3     0              1.0                1      0.75     150
93  0.4         3     0              0.8                1      0.50     150
96  0.4         3     0              0.8                1      0.60     150
99  0.4         3     0              0.8                1      0.75     150
102 0.4         3     0              1.0                1      0.50     150
105 0.4         3     0              1.0                1      0.60     150
108 0.4         3     0              1.0                1      0.75     150
         RMSE   Rsquared     RMSESD RsquaredSD
1   0.2244074 0.03471592 0.04393452 0.01571765
4   0.2243390 0.03616018 0.04395146 0.01679385
7   0.2244708 0.03490656 0.04386669 0.01466282
10  0.2243616 0.03470667 0.04384539 0.01379047
13  0.2243350 0.03612832 0.04385454 0.01533286
16  0.2244519 0.03487299 0.04385211 0.01230311
55  0.2234398 0.04140297 0.04373082 0.01887422
58  0.2235580 0.04058520 0.04369826 0.01621865
61  0.2235619 0.04143239 0.04386384 0.01684570
64  0.2233670 0.04098595 0.04365428 0.01550342
67  0.2233585 0.04319783 0.04364405 0.01752784
70  0.2235010 0.04262167 0.04374457 0.01701578
19  0.2215232 0.05802263 0.04318520 0.02930275
22  0.2219712 0.05240439 0.04297194 0.02426732
25  0.2211513 0.06230781 0.04276435 0.03099556
28  0.2215020 0.05701956 0.04291695 0.02929770
31  0.2211195 0.06060786 0.04335219 0.02675049
34  0.2212756 0.06019945 0.04323026 0.02749574
73  0.2214792 0.05948110 0.04239595 0.03088241
76  0.2202265 0.06785202 0.04187617 0.03330121
79  0.2206335 0.06324106 0.04293814 0.02749564
82  0.2201733 0.06849629 0.04245774 0.03753460
85  0.2202881 0.07070418 0.04266669 0.04041508
88  0.2207809 0.06575771 0.04272166 0.03160066
37  0.2186350 0.08024407 0.04211430 0.04204469
40  0.2198901 0.06952253 0.04073216 0.04111215
43  0.2185144 0.08095116 0.04112952 0.03874117
46  0.2180256 0.08744849 0.04054711 0.05791069
49  0.2183051 0.08229142 0.04061588 0.05341207
52  0.2193280 0.07575700 0.04211541 0.04465147
91  0.2200075 0.07030055 0.04198602 0.03480355
94  0.2198132 0.07380900 0.03967905 0.04377723
97  0.2190892 0.07801992 0.04093323 0.05028207
100 0.2194476 0.07881575 0.04075135 0.03743026
103 0.2184570 0.09161473 0.04247767 0.06629837
106 0.2187928 0.07862403 0.04104677 0.04354903
2   0.2219446 0.05445107 0.04318964 0.02239161
5   0.2220295 0.05383348 0.04354069 0.02418740
8   0.2223940 0.04991862 0.04359479 0.02040788
11  0.2223108 0.04974158 0.04347247 0.02029501
14  0.2221520 0.05259651 0.04338696 0.02379274
17  0.2222191 0.05147101 0.04349843 0.01842254
56  0.2214875 0.05559197 0.04271641 0.02288481
59  0.2212498 0.05826092 0.04305956 0.02043595
62  0.2214945 0.05702948 0.04298473 0.02367268
65  0.2212953 0.05909912 0.04262838 0.02760823
68  0.2212256 0.05868534 0.04294081 0.02331489
71  0.2212755 0.05919880 0.04302832 0.02373131
20  0.2194832 0.07631704 0.04284572 0.04032615
23  0.2185245 0.07919743 0.04085877 0.04236292
26  0.2184089 0.08084572 0.04142382 0.04011272
29  0.2178422 0.08628482 0.04095516 0.04958197
32  0.2184262 0.08141439 0.04237300 0.04514156
35  0.2176779 0.08672668 0.04159042 0.04361128
74  0.2211704 0.06735554 0.04197215 0.03230403
77  0.2189694 0.08170378 0.04085122 0.04059303
80  0.2190673 0.07846906 0.04222459 0.03988283
83  0.2188931 0.07956950 0.04158336 0.04136421
86  0.2177644 0.09227387 0.04313955 0.05967206
89  0.2185241 0.08410387 0.04106201 0.04012966
38  0.2176185 0.09182315 0.04248737 0.05476508
41  0.2185264 0.08281597 0.04102835 0.04627871
44  0.2175395 0.08989324 0.04054405 0.04107646
47  0.2183888 0.10484612 0.04364490 0.06235209
50  0.2179812 0.08859205 0.04080250 0.06249385
53  0.2173075 0.09423316 0.04194520 0.06113200
92  0.2191839 0.08253696 0.04235985 0.04859720
95  0.2193769 0.08656789 0.03968723 0.05330302
98  0.2192213 0.08552502 0.04068533 0.04976111
101 0.2207427 0.08044030 0.04168929 0.03999666
104 0.2188095 0.09883052 0.04294774 0.07256637
107 0.2193147 0.08270469 0.04174216 0.04339135
3   0.2205340 0.06625225 0.04276504 0.03004792
6   0.2204092 0.06718182 0.04258995 0.03011776
9   0.2209794 0.06195975 0.04291966 0.02674096
12  0.2211036 0.06035248 0.04274797 0.02697094
15  0.2208985 0.06268370 0.04275263 0.02969982
18  0.2207421 0.06354505 0.04312744 0.02441304
57  0.2203588 0.06646541 0.04219556 0.03045383
60  0.2197942 0.07186933 0.04190956 0.03355538
63  0.2203751 0.06695978 0.04222361 0.03008088
66  0.2198472 0.07216768 0.04186355 0.03532075
69  0.2199607 0.06913055 0.04192943 0.02828670
72  0.2199067 0.07141360 0.04224017 0.03506048
21  0.2198295 0.07824532 0.04344712 0.04139481
24  0.2180409 0.08442477 0.04111091 0.04186495
27  0.2174262 0.08965952 0.04143114 0.04521535
30  0.2168845 0.09379371 0.04113180 0.05146804
33  0.2170624 0.09522201 0.04261364 0.05515189
36  0.2168810 0.09447119 0.04155719 0.05029204
75  0.2213658 0.06815469 0.04263761 0.03082167
78  0.2184378 0.08582652 0.04137242 0.04314514
81  0.2187459 0.08198516 0.04252432 0.04397804
84  0.2180773 0.08657370 0.04117008 0.04274805
87  0.2184741 0.08634822 0.04338253 0.05162613
90  0.2180427 0.08685169 0.04203503 0.04219165
39  0.2165012 0.09987467 0.04302782 0.06480248
42  0.2183540 0.08535133 0.04187820 0.04525032
45  0.2173597 0.09225903 0.04099495 0.03977056
48  0.2190292 0.10044658 0.04378202 0.06425017
51  0.2175941 0.09337588 0.04256794 0.07394696
54  0.2175368 0.09452810 0.04263237 0.06313645
93  0.2190894 0.08581394 0.04344986 0.06235171
96  0.2192968 0.08176842 0.04032149 0.04568548
99  0.2185498 0.09089027 0.04137781 0.05376193
102 0.2216582 0.07778015 0.04145935 0.04053835
105 0.2192644 0.08929877 0.04321627 0.06018401
108 0.2195222 0.08382973 0.04247270 0.04388082
