[1] "Prediction Error: 1.02463"
BestTune:
  eta max_depth gamma colsample_bytree min_child_weight subsample nrounds
1 0.3         3     0              0.8                1       0.6     150
      RMSE  Rsquared    RMSESD RsquaredSD
1 1.143203 0.3482024 0.1030938 0.09447925
TuneResults
    eta max_depth gamma colsample_bytree min_child_weight subsample nrounds
1   0.3         1     0              0.8                1      0.50      50
4   0.3         1     0              0.8                1      0.60      50
7   0.3         1     0              0.8                1      0.75      50
10  0.3         1     0              1.0                1      0.50      50
13  0.3         1     0              1.0                1      0.60      50
16  0.3         1     0              1.0                1      0.75      50
55  0.4         1     0              0.8                1      0.50      50
58  0.4         1     0              0.8                1      0.60      50
61  0.4         1     0              0.8                1      0.75      50
64  0.4         1     0              1.0                1      0.50      50
67  0.4         1     0              1.0                1      0.60      50
70  0.4         1     0              1.0                1      0.75      50
19  0.3         2     0              0.8                1      0.50      50
22  0.3         2     0              0.8                1      0.60      50
25  0.3         2     0              0.8                1      0.75      50
28  0.3         2     0              1.0                1      0.50      50
31  0.3         2     0              1.0                1      0.60      50
34  0.3         2     0              1.0                1      0.75      50
73  0.4         2     0              0.8                1      0.50      50
76  0.4         2     0              0.8                1      0.60      50
79  0.4         2     0              0.8                1      0.75      50
82  0.4         2     0              1.0                1      0.50      50
85  0.4         2     0              1.0                1      0.60      50
88  0.4         2     0              1.0                1      0.75      50
37  0.3         3     0              0.8                1      0.50      50
40  0.3         3     0              0.8                1      0.60      50
43  0.3         3     0              0.8                1      0.75      50
46  0.3         3     0              1.0                1      0.50      50
49  0.3         3     0              1.0                1      0.60      50
52  0.3         3     0              1.0                1      0.75      50
91  0.4         3     0              0.8                1      0.50      50
94  0.4         3     0              0.8                1      0.60      50
97  0.4         3     0              0.8                1      0.75      50
100 0.4         3     0              1.0                1      0.50      50
103 0.4         3     0              1.0                1      0.60      50
106 0.4         3     0              1.0                1      0.75      50
2   0.3         1     0              0.8                1      0.50     100
5   0.3         1     0              0.8                1      0.60     100
8   0.3         1     0              0.8                1      0.75     100
11  0.3         1     0              1.0                1      0.50     100
14  0.3         1     0              1.0                1      0.60     100
17  0.3         1     0              1.0                1      0.75     100
56  0.4         1     0              0.8                1      0.50     100
59  0.4         1     0              0.8                1      0.60     100
62  0.4         1     0              0.8                1      0.75     100
65  0.4         1     0              1.0                1      0.50     100
68  0.4         1     0              1.0                1      0.60     100
71  0.4         1     0              1.0                1      0.75     100
20  0.3         2     0              0.8                1      0.50     100
23  0.3         2     0              0.8                1      0.60     100
26  0.3         2     0              0.8                1      0.75     100
29  0.3         2     0              1.0                1      0.50     100
32  0.3         2     0              1.0                1      0.60     100
35  0.3         2     0              1.0                1      0.75     100
74  0.4         2     0              0.8                1      0.50     100
77  0.4         2     0              0.8                1      0.60     100
80  0.4         2     0              0.8                1      0.75     100
83  0.4         2     0              1.0                1      0.50     100
86  0.4         2     0              1.0                1      0.60     100
89  0.4         2     0              1.0                1      0.75     100
38  0.3         3     0              0.8                1      0.50     100
41  0.3         3     0              0.8                1      0.60     100
44  0.3         3     0              0.8                1      0.75     100
47  0.3         3     0              1.0                1      0.50     100
50  0.3         3     0              1.0                1      0.60     100
53  0.3         3     0              1.0                1      0.75     100
92  0.4         3     0              0.8                1      0.50     100
95  0.4         3     0              0.8                1      0.60     100
98  0.4         3     0              0.8                1      0.75     100
101 0.4         3     0              1.0                1      0.50     100
104 0.4         3     0              1.0                1      0.60     100
107 0.4         3     0              1.0                1      0.75     100
3   0.3         1     0              0.8                1      0.50     150
6   0.3         1     0              0.8                1      0.60     150
9   0.3         1     0              0.8                1      0.75     150
12  0.3         1     0              1.0                1      0.50     150
15  0.3         1     0              1.0                1      0.60     150
18  0.3         1     0              1.0                1      0.75     150
57  0.4         1     0              0.8                1      0.50     150
60  0.4         1     0              0.8                1      0.60     150
63  0.4         1     0              0.8                1      0.75     150
66  0.4         1     0              1.0                1      0.50     150
69  0.4         1     0              1.0                1      0.60     150
72  0.4         1     0              1.0                1      0.75     150
21  0.3         2     0              0.8                1      0.50     150
24  0.3         2     0              0.8                1      0.60     150
27  0.3         2     0              0.8                1      0.75     150
30  0.3         2     0              1.0                1      0.50     150
33  0.3         2     0              1.0                1      0.60     150
36  0.3         2     0              1.0                1      0.75     150
75  0.4         2     0              0.8                1      0.50     150
78  0.4         2     0              0.8                1      0.60     150
81  0.4         2     0              0.8                1      0.75     150
84  0.4         2     0              1.0                1      0.50     150
87  0.4         2     0              1.0                1      0.60     150
90  0.4         2     0              1.0                1      0.75     150
39  0.3         3     0              0.8                1      0.50     150
42  0.3         3     0              0.8                1      0.60     150
45  0.3         3     0              0.8                1      0.75     150
48  0.3         3     0              1.0                1      0.50     150
51  0.3         3     0              1.0                1      0.60     150
54  0.3         3     0              1.0                1      0.75     150
93  0.4         3     0              0.8                1      0.50     150
96  0.4         3     0              0.8                1      0.60     150
99  0.4         3     0              0.8                1      0.75     150
102 0.4         3     0              1.0                1      0.50     150
105 0.4         3     0              1.0                1      0.60     150
108 0.4         3     0              1.0                1      0.75     150
        RMSE  Rsquared     RMSESD RsquaredSD
1   1.307646 0.1649072 0.15697192 0.02862297
4   1.306689 0.1675268 0.15822722 0.02992733
7   1.307891 0.1682177 0.15703013 0.02414213
10  1.304940 0.1723836 0.15757832 0.02839801
13  1.306620 0.1700522 0.15773068 0.02643066
16  1.307658 0.1696399 0.15665644 0.02560349
55  1.289539 0.1823967 0.15421922 0.03448658
58  1.289707 0.1835625 0.15217022 0.03346664
61  1.291235 0.1841365 0.15456799 0.03254879
64  1.285016 0.1918620 0.15117350 0.03177150
67  1.288489 0.1859764 0.15106777 0.03636136
70  1.289645 0.1873570 0.15296773 0.03174436
19  1.235795 0.2475379 0.14351022 0.06519808
22  1.237114 0.2454462 0.13512517 0.04306812
25  1.238008 0.2465609 0.14407858 0.06036839
28  1.231138 0.2558929 0.14094109 0.07021471
31  1.227772 0.2624979 0.14287354 0.06086570
34  1.237876 0.2490527 0.14723129 0.05472413
73  1.203237 0.2824936 0.13102481 0.07097819
76  1.221976 0.2603364 0.12569666 0.07077973
79  1.210508 0.2745382 0.14390763 0.05173550
82  1.205422 0.2785530 0.11676875 0.06879080
85  1.211034 0.2729964 0.14243825 0.05747324
88  1.207378 0.2804210 0.13561686 0.06314710
37  1.203204 0.2801091 0.11899070 0.05376318
40  1.185198 0.3063297 0.11911293 0.08206006
43  1.202741 0.2831726 0.13113127 0.04862877
46  1.186366 0.3072539 0.12278030 0.06991844
49  1.192386 0.2965724 0.12101874 0.05254646
52  1.193743 0.2993309 0.12655647 0.06610580
91  1.172317 0.3190613 0.11861851 0.07812746
94  1.181204 0.3095483 0.08965911 0.06927605
97  1.193892 0.2913190 0.12514370 0.04968063
100 1.177128 0.3113016 0.12114892 0.05240102
103 1.194945 0.2906254 0.10806504 0.06655011
106 1.189134 0.2962908 0.11499457 0.06231690
2   1.263666 0.2113513 0.14961045 0.04602046
5   1.261790 0.2151403 0.14989743 0.04861850
8   1.264027 0.2142347 0.14908406 0.04004402
11  1.259170 0.2197154 0.14990035 0.04842122
14  1.262379 0.2165980 0.14753935 0.04140661
17  1.264169 0.2155892 0.14996170 0.04342073
56  1.250693 0.2236971 0.14362978 0.05599290
59  1.245287 0.2319439 0.14424463 0.04748181
62  1.252439 0.2245083 0.14395475 0.04643911
65  1.239944 0.2399987 0.13694151 0.05128082
68  1.249332 0.2261307 0.14168750 0.04888724
71  1.246170 0.2329995 0.14382891 0.05394397
20  1.194927 0.2906846 0.12524488 0.07704267
23  1.189720 0.2975790 0.11263511 0.06827224
26  1.181101 0.3065049 0.12367495 0.08938270
29  1.179826 0.3078589 0.12217711 0.08907267
32  1.181097 0.3103167 0.11442811 0.08392658
35  1.180301 0.3095572 0.13911183 0.08814846
74  1.169857 0.3189356 0.12264215 0.09785774
77  1.182406 0.3079638 0.10981080 0.08864800
80  1.168052 0.3221159 0.12317599 0.06849121
83  1.163019 0.3263992 0.10017791 0.09254119
86  1.176037 0.3138586 0.12747885 0.08120671
89  1.166817 0.3222398 0.12573773 0.07821413
38  1.184749 0.3025093 0.10575964 0.06988775
41  1.154877 0.3369932 0.10368417 0.09737901
44  1.169329 0.3183784 0.11089586 0.06432862
47  1.148658 0.3456249 0.11066474 0.09115620
50  1.158780 0.3339166 0.09835181 0.07132397
53  1.164175 0.3293466 0.10552712 0.07322023
92  1.162017 0.3291104 0.10639407 0.07076455
95  1.158747 0.3335327 0.09483725 0.08371163
98  1.174152 0.3164437 0.12298655 0.05868388
101 1.157359 0.3316307 0.10716175 0.05364610
104 1.191120 0.3043396 0.11442141 0.09467355
107 1.164088 0.3264316 0.10594001 0.06603248
3   1.239219 0.2378133 0.14041559 0.05437683
6   1.238952 0.2401448 0.14521561 0.05829686
9   1.242174 0.2375021 0.14258357 0.04491498
12  1.234083 0.2465031 0.14201501 0.06015263
15  1.237512 0.2435369 0.14174167 0.05517215
18  1.238975 0.2424449 0.14642906 0.05867978
57  1.231587 0.2476015 0.13017445 0.06222151
60  1.227482 0.2511214 0.13368628 0.05343914
63  1.231257 0.2487052 0.13615922 0.06067691
66  1.216864 0.2661319 0.12452889 0.05237968
69  1.229092 0.2493345 0.12685924 0.05537187
72  1.224951 0.2563721 0.12765153 0.05918594
21  1.182821 0.3092127 0.11469607 0.07953058
24  1.174372 0.3133250 0.09835896 0.06668670
27  1.159544 0.3296768 0.12070697 0.09972087
30  1.166750 0.3244651 0.11087849 0.09454023
33  1.170764 0.3242570 0.10410943 0.08392440
36  1.163729 0.3265744 0.12811765 0.08654762
75  1.160065 0.3333973 0.12528269 0.10809057
78  1.165492 0.3261910 0.10696109 0.08019618
81  1.148864 0.3420254 0.11447230 0.06981064
84  1.155719 0.3374510 0.09133452 0.08897331
87  1.149109 0.3443568 0.13697592 0.10834413
90  1.151923 0.3373796 0.11869785 0.07550850
39  1.165505 0.3273710 0.11350509 0.07568707
42  1.143203 0.3482024 0.10309379 0.09447925
45  1.156863 0.3343514 0.10730241 0.07395469
48  1.151552 0.3438914 0.10761302 0.07670756
51  1.149116 0.3447731 0.09319472 0.07665285
54  1.145880 0.3496977 0.10176440 0.06621553
93  1.163705 0.3283327 0.11975808 0.06971913
96  1.161847 0.3287291 0.10612003 0.08109300
99  1.165579 0.3258170 0.11783513 0.05713376
102 1.147580 0.3453831 0.11631476 0.04946509
105 1.203390 0.3038029 0.15228553 0.10788143
108 1.151462 0.3397595 0.10060548 0.06164422
