[1] "Prediction Error: 3.60122"
BestTune:
  eta max_depth gamma colsample_bytree min_child_weight subsample nrounds
1 0.3         3     0                1                1      0.75     150
      RMSE  Rsquared    RMSESD RsquaredSD
1 1.471043 0.4479425 0.3791762 0.05345775
TuneResults
    eta max_depth gamma colsample_bytree min_child_weight subsample nrounds
1   0.3         1     0              0.8                1      0.50      50
4   0.3         1     0              0.8                1      0.60      50
7   0.3         1     0              0.8                1      0.75      50
10  0.3         1     0              1.0                1      0.50      50
13  0.3         1     0              1.0                1      0.60      50
16  0.3         1     0              1.0                1      0.75      50
55  0.4         1     0              0.8                1      0.50      50
58  0.4         1     0              0.8                1      0.60      50
61  0.4         1     0              0.8                1      0.75      50
64  0.4         1     0              1.0                1      0.50      50
67  0.4         1     0              1.0                1      0.60      50
70  0.4         1     0              1.0                1      0.75      50
19  0.3         2     0              0.8                1      0.50      50
22  0.3         2     0              0.8                1      0.60      50
25  0.3         2     0              0.8                1      0.75      50
28  0.3         2     0              1.0                1      0.50      50
31  0.3         2     0              1.0                1      0.60      50
34  0.3         2     0              1.0                1      0.75      50
73  0.4         2     0              0.8                1      0.50      50
76  0.4         2     0              0.8                1      0.60      50
79  0.4         2     0              0.8                1      0.75      50
82  0.4         2     0              1.0                1      0.50      50
85  0.4         2     0              1.0                1      0.60      50
88  0.4         2     0              1.0                1      0.75      50
37  0.3         3     0              0.8                1      0.50      50
40  0.3         3     0              0.8                1      0.60      50
43  0.3         3     0              0.8                1      0.75      50
46  0.3         3     0              1.0                1      0.50      50
49  0.3         3     0              1.0                1      0.60      50
52  0.3         3     0              1.0                1      0.75      50
91  0.4         3     0              0.8                1      0.50      50
94  0.4         3     0              0.8                1      0.60      50
97  0.4         3     0              0.8                1      0.75      50
100 0.4         3     0              1.0                1      0.50      50
103 0.4         3     0              1.0                1      0.60      50
106 0.4         3     0              1.0                1      0.75      50
2   0.3         1     0              0.8                1      0.50     100
5   0.3         1     0              0.8                1      0.60     100
8   0.3         1     0              0.8                1      0.75     100
11  0.3         1     0              1.0                1      0.50     100
14  0.3         1     0              1.0                1      0.60     100
17  0.3         1     0              1.0                1      0.75     100
56  0.4         1     0              0.8                1      0.50     100
59  0.4         1     0              0.8                1      0.60     100
62  0.4         1     0              0.8                1      0.75     100
65  0.4         1     0              1.0                1      0.50     100
68  0.4         1     0              1.0                1      0.60     100
71  0.4         1     0              1.0                1      0.75     100
20  0.3         2     0              0.8                1      0.50     100
23  0.3         2     0              0.8                1      0.60     100
26  0.3         2     0              0.8                1      0.75     100
29  0.3         2     0              1.0                1      0.50     100
32  0.3         2     0              1.0                1      0.60     100
35  0.3         2     0              1.0                1      0.75     100
74  0.4         2     0              0.8                1      0.50     100
77  0.4         2     0              0.8                1      0.60     100
80  0.4         2     0              0.8                1      0.75     100
83  0.4         2     0              1.0                1      0.50     100
86  0.4         2     0              1.0                1      0.60     100
89  0.4         2     0              1.0                1      0.75     100
38  0.3         3     0              0.8                1      0.50     100
41  0.3         3     0              0.8                1      0.60     100
44  0.3         3     0              0.8                1      0.75     100
47  0.3         3     0              1.0                1      0.50     100
50  0.3         3     0              1.0                1      0.60     100
53  0.3         3     0              1.0                1      0.75     100
92  0.4         3     0              0.8                1      0.50     100
95  0.4         3     0              0.8                1      0.60     100
98  0.4         3     0              0.8                1      0.75     100
101 0.4         3     0              1.0                1      0.50     100
104 0.4         3     0              1.0                1      0.60     100
107 0.4         3     0              1.0                1      0.75     100
3   0.3         1     0              0.8                1      0.50     150
6   0.3         1     0              0.8                1      0.60     150
9   0.3         1     0              0.8                1      0.75     150
12  0.3         1     0              1.0                1      0.50     150
15  0.3         1     0              1.0                1      0.60     150
18  0.3         1     0              1.0                1      0.75     150
57  0.4         1     0              0.8                1      0.50     150
60  0.4         1     0              0.8                1      0.60     150
63  0.4         1     0              0.8                1      0.75     150
66  0.4         1     0              1.0                1      0.50     150
69  0.4         1     0              1.0                1      0.60     150
72  0.4         1     0              1.0                1      0.75     150
21  0.3         2     0              0.8                1      0.50     150
24  0.3         2     0              0.8                1      0.60     150
27  0.3         2     0              0.8                1      0.75     150
30  0.3         2     0              1.0                1      0.50     150
33  0.3         2     0              1.0                1      0.60     150
36  0.3         2     0              1.0                1      0.75     150
75  0.4         2     0              0.8                1      0.50     150
78  0.4         2     0              0.8                1      0.60     150
81  0.4         2     0              0.8                1      0.75     150
84  0.4         2     0              1.0                1      0.50     150
87  0.4         2     0              1.0                1      0.60     150
90  0.4         2     0              1.0                1      0.75     150
39  0.3         3     0              0.8                1      0.50     150
42  0.3         3     0              0.8                1      0.60     150
45  0.3         3     0              0.8                1      0.75     150
48  0.3         3     0              1.0                1      0.50     150
51  0.3         3     0              1.0                1      0.60     150
54  0.3         3     0              1.0                1      0.75     150
93  0.4         3     0              0.8                1      0.50     150
96  0.4         3     0              0.8                1      0.60     150
99  0.4         3     0              0.8                1      0.75     150
102 0.4         3     0              1.0                1      0.50     150
105 0.4         3     0              1.0                1      0.60     150
108 0.4         3     0              1.0                1      0.75     150
        RMSE  Rsquared    RMSESD RsquaredSD
1   1.740127 0.2326298 0.4486985 0.04934283
4   1.741390 0.2331291 0.4498556 0.04224076
7   1.746398 0.2308432 0.4524582 0.04086883
10  1.739888 0.2345195 0.4529301 0.04541244
13  1.736735 0.2395769 0.4487034 0.03794577
16  1.744383 0.2334479 0.4488721 0.03990794
55  1.708336 0.2546995 0.4374709 0.04327921
58  1.712122 0.2521740 0.4407061 0.04579626
61  1.717070 0.2506127 0.4416974 0.04485137
64  1.709128 0.2564899 0.4409772 0.04570176
67  1.712837 0.2540781 0.4453899 0.04468899
70  1.715575 0.2518121 0.4418909 0.04247594
19  1.620822 0.3281484 0.4206321 0.06860883
22  1.633860 0.3188193 0.4287631 0.06277695
25  1.633758 0.3176486 0.4183824 0.06173721
28  1.613068 0.3360073 0.4150828 0.07216504
31  1.618955 0.3320862 0.4112547 0.06246611
34  1.641637 0.3124413 0.4248020 0.06053818
73  1.605848 0.3389119 0.4043141 0.05625115
76  1.616677 0.3280625 0.4060393 0.05021547
79  1.609066 0.3393070 0.3986729 0.06356934
82  1.593648 0.3473905 0.4058375 0.06108955
85  1.607380 0.3378470 0.4256896 0.07275847
88  1.603255 0.3381269 0.4036362 0.05867849
37  1.566997 0.3746982 0.4203863 0.06679386
40  1.573413 0.3715810 0.4229930 0.05989915
43  1.577851 0.3671357 0.4281943 0.06539851
46  1.577838 0.3668904 0.4207308 0.06824459
49  1.571483 0.3705476 0.4247074 0.06453294
52  1.558284 0.3831259 0.4137151 0.07254002
91  1.614720 0.3519604 0.3753870 0.08396841
94  1.531274 0.4023259 0.3872726 0.06712222
97  1.546128 0.3842969 0.4130976 0.07938292
100 1.550906 0.3820158 0.4015981 0.07141728
103 1.563428 0.3781774 0.3904477 0.05414155
106 1.563141 0.3744438 0.4091378 0.07324382
2   1.669338 0.2894043 0.4265601 0.05996991
5   1.670481 0.2916692 0.4310062 0.05280900
8   1.674017 0.2881331 0.4325395 0.04851765
11  1.669597 0.2904917 0.4356389 0.05643733
14  1.669284 0.2927644 0.4352586 0.04948295
17  1.673407 0.2898207 0.4341783 0.05132007
56  1.641859 0.3126870 0.4157771 0.05755973
59  1.639399 0.3112380 0.4224519 0.05734778
62  1.648582 0.3053622 0.4233393 0.05638446
65  1.650239 0.3024329 0.4191038 0.05457465
68  1.645903 0.3078024 0.4209332 0.05530724
71  1.646965 0.3068332 0.4265141 0.05619285
20  1.563967 0.3712573 0.4086971 0.07818515
23  1.582236 0.3628631 0.4138000 0.07255151
26  1.581970 0.3577221 0.4037069 0.06437294
29  1.562918 0.3725037 0.4010888 0.07410756
32  1.574835 0.3646689 0.4028983 0.06531861
35  1.609647 0.3430070 0.4411167 0.07443154
74  1.570596 0.3700349 0.4074771 0.06568758
77  1.581306 0.3588156 0.3913010 0.05023975
80  1.564599 0.3787458 0.3743636 0.06620618
83  1.553147 0.3803490 0.3981539 0.05730021
86  1.573974 0.3751332 0.4198132 0.07907765
89  1.563022 0.3720006 0.3940951 0.06129284
38  1.512414 0.4157018 0.4060069 0.06761924
41  1.501120 0.4269792 0.3836271 0.05108456
44  1.517577 0.4134192 0.4044572 0.07049293
47  1.529949 0.4033141 0.3986628 0.06512720
50  1.523128 0.4100611 0.4046071 0.06856208
53  1.495540 0.4305583 0.3785437 0.04897101
92  1.561382 0.3927752 0.3650161 0.07900909
95  1.493919 0.4277421 0.3583280 0.06000408
98  1.488399 0.4286044 0.3981023 0.08356677
101 1.494700 0.4276221 0.3703710 0.06129676
104 1.543071 0.3973543 0.3830884 0.06650082
107 1.535469 0.3929612 0.4068222 0.06844061
3   1.636924 0.3143398 0.4144401 0.06600901
6   1.637172 0.3168540 0.4192207 0.06261636
9   1.642895 0.3121120 0.4209567 0.05217820
12  1.636549 0.3189051 0.4146525 0.05765499
15  1.628405 0.3242451 0.4184496 0.05974124
18  1.634024 0.3190665 0.4224696 0.05400088
57  1.620869 0.3340000 0.4003412 0.06327929
60  1.612421 0.3337666 0.4175470 0.06302261
63  1.619738 0.3306201 0.4091382 0.06224157
66  1.626772 0.3247300 0.4027546 0.05434874
69  1.628108 0.3278535 0.3888383 0.06157402
72  1.617133 0.3301212 0.4161440 0.06614028
21  1.523340 0.4050253 0.3802025 0.06173409
24  1.544141 0.3947571 0.3913704 0.07387632
27  1.541033 0.3921356 0.3959008 0.06556871
30  1.538758 0.3916037 0.3962811 0.07598826
33  1.550674 0.3865020 0.3969731 0.06832444
36  1.576833 0.3730756 0.4310108 0.07983852
75  1.533180 0.3989646 0.3917906 0.05893548
78  1.541469 0.3914606 0.3801293 0.05188502
81  1.545579 0.3982313 0.3663078 0.07351215
84  1.513596 0.4101980 0.3832603 0.06185128
87  1.558150 0.3931381 0.3937683 0.08153361
90  1.530439 0.3982882 0.3947701 0.06690502
39  1.492935 0.4259482 0.4035991 0.06952100
42  1.481202 0.4403178 0.3833028 0.05245612
45  1.485989 0.4367258 0.4010437 0.06702538
48  1.509445 0.4181880 0.3901615 0.06149893
51  1.506736 0.4241962 0.3881588 0.07523582
54  1.471043 0.4479425 0.3791762 0.05345775
93  1.527059 0.4164217 0.3525473 0.07506545
96  1.486510 0.4355576 0.3314253 0.06194371
99  1.474037 0.4391127 0.4102218 0.08044613
102 1.477313 0.4416318 0.3656885 0.06502498
105 1.548855 0.4035592 0.4107994 0.08863616
108 1.517237 0.4063772 0.4100914 0.06829888
