[1] "Prediction Error: 3.99533"
BestTune:
  size decay     RMSE   Rsquared       MAE    RMSESD RsquaredSD      MAESD
1    5   0.6 1.907641 0.09887391 0.3597883 0.3517082 0.02534112 0.02016054
ResultsTune:
   size decay     RMSE   Rsquared       MAE    RMSESD RsquaredSD      MAESD
1     1   0.3 1.908944 0.09436848 0.4060467 0.3514280 0.02403149 0.02277740
2     1   0.4 1.908719 0.09496035 0.4072470 0.3512413 0.02347758 0.01869965
3     1   0.5 1.908297 0.09662235 0.4075584 0.3513871 0.02500344 0.02128404
4     1   0.6 1.908028 0.09762840 0.4049852 0.3516217 0.02483466 0.02373179
5     1   0.7 1.908084 0.09693914 0.4047405 0.3513883 0.02371808 0.02317914
6     1   0.8 1.907907 0.09776015 0.4056551 0.3514752 0.02335551 0.01940882
7     2   0.3 1.908488 0.09548646 0.3763097 0.3514723 0.02401953 0.02019904
8     2   0.4 1.908018 0.09672436 0.3765597 0.3512288 0.02335123 0.02276927
9     2   0.5 1.907863 0.09745356 0.3777263 0.3515308 0.02409673 0.02003736
10    2   0.6 1.907885 0.09769557 0.3769422 0.3515058 0.02417327 0.02250891
11    2   0.7 1.907817 0.09767675 0.3764574 0.3515153 0.02423958 0.01969858
12    2   0.8 1.907663 0.09817398 0.3751153 0.3518856 0.02514687 0.02134395
13    3   0.3 1.908437 0.09611952 0.3690381 0.3514316 0.02409832 0.02055736
14    3   0.4 1.908224 0.09621407 0.3694418 0.3515431 0.02380619 0.02107081
15    3   0.5 1.908105 0.09742975 0.3687020 0.3515599 0.02421684 0.01844363
16    3   0.6 1.907909 0.09775651 0.3686877 0.3515641 0.02459415 0.01921872
17    3   0.7 1.907879 0.09746613 0.3693324 0.3515178 0.02489287 0.02015618
18    3   0.8 1.907951 0.09785981 0.3686515 0.3517768 0.02516452 0.01912793
19    4   0.3 1.908703 0.09618124 0.3608603 0.3513069 0.02419642 0.02005903
20    4   0.4 1.908044 0.09773178 0.3643855 0.3514333 0.02416741 0.01940488
21    4   0.5 1.908502 0.09664120 0.3637303 0.3511508 0.02404038 0.02186757
22    4   0.6 1.908197 0.09807007 0.3633328 0.3514233 0.02453026 0.02237811
23    4   0.7 1.907941 0.09812983 0.3641953 0.3516168 0.02522012 0.02111608
24    4   0.8 1.907857 0.09836900 0.3658650 0.3515733 0.02527018 0.02067247
25    5   0.3 1.908695 0.09642647 0.3588263 0.3511798 0.02368239 0.02108592
26    5   0.4 1.908311 0.09767334 0.3590718 0.3515756 0.02546888 0.02125777
27    5   0.5 1.907805 0.09853800 0.3594202 0.3518342 0.02552180 0.01904043
28    5   0.6 1.907641 0.09887391 0.3597883 0.3517082 0.02534112 0.02016054
29    5   0.7 1.907883 0.09788809 0.3597672 0.3515150 0.02439194 0.01765051
30    5   0.8 1.907997 0.09800494 0.3592512 0.3516544 0.02514954 0.01855321
