[1] "Prediction Error: 3.38683"
BestTune:
  eta max_depth gamma colsample_bytree min_child_weight subsample nrounds
1 0.4         3     0                1                1      0.75     100
      RMSE  Rsquared       MAE   RMSESD RsquaredSD       MAESD
1 1.519548 0.4224144 0.3734722 0.343735 0.08811884 0.009378895
ResultsTune:
   eta max_depth gamma colsample_bytree min_child_weight subsample nrounds
1  0.3         1     0              0.8                1      0.60      50
3  0.3         1     0              0.8                1      0.75      50
5  0.3         1     0              1.0                1      0.60      50
7  0.3         1     0              1.0                1      0.75      50
25 0.4         1     0              0.8                1      0.60      50
27 0.4         1     0              0.8                1      0.75      50
29 0.4         1     0              1.0                1      0.60      50
31 0.4         1     0              1.0                1      0.75      50
9  0.3         2     0              0.8                1      0.60      50
11 0.3         2     0              0.8                1      0.75      50
13 0.3         2     0              1.0                1      0.60      50
15 0.3         2     0              1.0                1      0.75      50
33 0.4         2     0              0.8                1      0.60      50
35 0.4         2     0              0.8                1      0.75      50
37 0.4         2     0              1.0                1      0.60      50
39 0.4         2     0              1.0                1      0.75      50
17 0.3         3     0              0.8                1      0.60      50
19 0.3         3     0              0.8                1      0.75      50
21 0.3         3     0              1.0                1      0.60      50
23 0.3         3     0              1.0                1      0.75      50
41 0.4         3     0              0.8                1      0.60      50
43 0.4         3     0              0.8                1      0.75      50
45 0.4         3     0              1.0                1      0.60      50
47 0.4         3     0              1.0                1      0.75      50
2  0.3         1     0              0.8                1      0.60     100
4  0.3         1     0              0.8                1      0.75     100
6  0.3         1     0              1.0                1      0.60     100
8  0.3         1     0              1.0                1      0.75     100
26 0.4         1     0              0.8                1      0.60     100
28 0.4         1     0              0.8                1      0.75     100
30 0.4         1     0              1.0                1      0.60     100
32 0.4         1     0              1.0                1      0.75     100
10 0.3         2     0              0.8                1      0.60     100
12 0.3         2     0              0.8                1      0.75     100
14 0.3         2     0              1.0                1      0.60     100
16 0.3         2     0              1.0                1      0.75     100
34 0.4         2     0              0.8                1      0.60     100
36 0.4         2     0              0.8                1      0.75     100
38 0.4         2     0              1.0                1      0.60     100
40 0.4         2     0              1.0                1      0.75     100
18 0.3         3     0              0.8                1      0.60     100
20 0.3         3     0              0.8                1      0.75     100
22 0.3         3     0              1.0                1      0.60     100
24 0.3         3     0              1.0                1      0.75     100
42 0.4         3     0              0.8                1      0.60     100
44 0.4         3     0              0.8                1      0.75     100
46 0.4         3     0              1.0                1      0.60     100
48 0.4         3     0              1.0                1      0.75     100
       RMSE  Rsquared       MAE    RMSESD RsquaredSD       MAESD
1  1.756236 0.2328212 0.4412885 0.3519035 0.06390608 0.011275397
3  1.755101 0.2353688 0.4415237 0.3520017 0.06411111 0.011598840
5  1.755130 0.2350385 0.4411193 0.3527312 0.06464808 0.011495533
7  1.752884 0.2363908 0.4417010 0.3525896 0.06308803 0.011485689
25 1.730374 0.2507882 0.4296206 0.3544488 0.06808735 0.011099140
27 1.729877 0.2522908 0.4295175 0.3530446 0.06772024 0.011986722
29 1.722992 0.2598801 0.4273577 0.3527204 0.06783860 0.011627434
31 1.730412 0.2523604 0.4287257 0.3550742 0.06979246 0.010856755
9  1.657290 0.3119057 0.4084378 0.3569112 0.09086204 0.010874265
11 1.659979 0.3096337 0.4085475 0.3542572 0.08085955 0.013238464
13 1.657173 0.3123099 0.4080184 0.3505325 0.08222749 0.012250328
15 1.661444 0.3095340 0.4085528 0.3496234 0.08093520 0.011730130
33 1.638857 0.3261952 0.4007316 0.3502286 0.08475752 0.012690850
35 1.633520 0.3301199 0.4000803 0.3446209 0.08717750 0.011057974
37 1.632098 0.3316260 0.4006560 0.3400461 0.08127685 0.010857976
39 1.651741 0.3142385 0.4015318 0.3622111 0.08730902 0.012493311
17 1.614293 0.3503387 0.3941968 0.3468150 0.09080609 0.011497096
19 1.595211 0.3641960 0.3938113 0.3410649 0.07929673 0.011480398
21 1.569015 0.3880788 0.3925013 0.3395878 0.09345547 0.012192690
23 1.590349 0.3715239 0.3932757 0.3407253 0.08279988 0.012068463
41 1.573242 0.3798555 0.3871466 0.3520565 0.08654762 0.011209309
43 1.577738 0.3791752 0.3865349 0.3445533 0.07906168 0.011452798
45 1.575816 0.3753554 0.3873420 0.3330118 0.08321853 0.011126268
47 1.552857 0.3975754 0.3854487 0.3334147 0.08514070 0.010809057
2  1.694721 0.2829383 0.4154687 0.3588732 0.07735274 0.011646627
4  1.698022 0.2805373 0.4154150 0.3567710 0.07424412 0.011542989
6  1.691930 0.2860329 0.4148745 0.3595008 0.07774069 0.012193975
8  1.695498 0.2826979 0.4153519 0.3558285 0.07399320 0.010759623
26 1.675265 0.2980603 0.4063916 0.3619942 0.08358350 0.011689609
28 1.680738 0.2933657 0.4069057 0.3590530 0.07783878 0.012104487
30 1.673968 0.2984572 0.4050581 0.3576329 0.07848453 0.011958501
32 1.679185 0.2941429 0.4059532 0.3638167 0.08335081 0.010996337
10 1.613517 0.3466765 0.3923530 0.3470254 0.07919281 0.010230984
12 1.608858 0.3528239 0.3915088 0.3549922 0.08222369 0.011822713
14 1.609046 0.3495415 0.3910837 0.3329437 0.06927270 0.010321355
16 1.598054 0.3603713 0.3910512 0.3479230 0.08435332 0.011674604
34 1.586762 0.3666556 0.3873356 0.3447065 0.08969006 0.012262481
36 1.591791 0.3621636 0.3872471 0.3169216 0.07256527 0.010105787
38 1.595803 0.3601842 0.3881765 0.3405057 0.07348725 0.010526499
40 1.596207 0.3593631 0.3878387 0.3664998 0.09665762 0.013375722
18 1.560543 0.3919354 0.3796516 0.3394734 0.08247295 0.010703294
20 1.555703 0.3933051 0.3796233 0.3452480 0.08066155 0.010452132
22 1.521671 0.4202869 0.3776408 0.3358898 0.08595482 0.010725358
24 1.541197 0.4071315 0.3784132 0.3331243 0.07728966 0.010919576
42 1.536808 0.4081254 0.3748058 0.3517404 0.08270714 0.010535407
44 1.545961 0.4040675 0.3752470 0.3513135 0.08923601 0.011219232
46 1.545276 0.4001438 0.3760499 0.3336723 0.07907251 0.010539760
48 1.519548 0.4224144 0.3734722 0.3437350 0.08811884 0.009378895
