[1] "Prediction Error: 4.16409"
BestTune:
  ncomp     RMSE  Rsquared       MAE   RMSESD RsquaredSD     MAESD
1   167 1.700947 0.2651184 0.4847704 0.329167 0.07884127 0.0124492
ResultsTune:
   ncomp     RMSE   Rsquared       MAE    RMSESD  RsquaredSD      MAESD
1      1 1.953423 0.02021743 0.5762643 0.3382117 0.005417522 0.01216363
2      3 1.819901 0.15588175 0.5401431 0.3378196 0.042692926 0.01253620
3      5 1.809572 0.16574943 0.5448891 0.3388564 0.044101286 0.01216130
4      7 1.797162 0.17781517 0.5267484 0.3382574 0.046832819 0.01206436
5      9 1.796494 0.17841441 0.5290946 0.3380384 0.046757866 0.01194214
6     11 1.793563 0.18129595 0.5261470 0.3380294 0.047702413 0.01212591
7     13 1.793200 0.18167045 0.5253275 0.3379115 0.047856733 0.01211782
8     15 1.792185 0.18276845 0.5178089 0.3378158 0.048683066 0.01223195
9     17 1.792120 0.18283033 0.5177605 0.3377866 0.048683549 0.01222827
10    19 1.791664 0.18326401 0.5177878 0.3378630 0.048831082 0.01215975
11    21 1.789928 0.18487462 0.5222621 0.3379195 0.049048402 0.01218598
12    23 1.789243 0.18548961 0.5234747 0.3379920 0.049002098 0.01217163
13    25 1.788505 0.18618347 0.5239072 0.3381573 0.049129168 0.01212351
14    27 1.787749 0.18688688 0.5227025 0.3380819 0.049202868 0.01216830
15    29 1.787715 0.18691957 0.5229102 0.3380744 0.049206665 0.01216446
16    31 1.787663 0.18696837 0.5228428 0.3380847 0.049214121 0.01217357
17    33 1.787523 0.18709796 0.5231725 0.3380881 0.049218168 0.01215810
18    35 1.787515 0.18710497 0.5231028 0.3380864 0.049218348 0.01215979
19    37 1.787142 0.18745413 0.5241128 0.3381020 0.049282130 0.01215518
20    39 1.782494 0.19183268 0.5210798 0.3387985 0.049970970 0.01204182
21    41 1.776381 0.19759302 0.4966848 0.3396145 0.050850401 0.01229418
22    43 1.769264 0.20417742 0.5034941 0.3387895 0.053346546 0.01249349
23    45 1.761150 0.21214843 0.4922198 0.3384765 0.057720550 0.01311316
24    47 1.761055 0.21228061 0.4931387 0.3384820 0.057716770 0.01303864
25    49 1.760967 0.21233857 0.4932037 0.3386525 0.057806047 0.01305075
26    51 1.761005 0.21230869 0.4933047 0.3391501 0.057649086 0.01317971
27    53 1.761073 0.21227119 0.4931146 0.3391157 0.057692032 0.01317398
28    55 1.760822 0.21248697 0.4918461 0.3392123 0.057813675 0.01318583
29    57 1.760736 0.21260884 0.4911696 0.3391866 0.057833050 0.01314035
30    59 1.760710 0.21262599 0.4917979 0.3391692 0.057825891 0.01311109
31    61 1.760696 0.21264397 0.4917562 0.3391389 0.057785601 0.01312008
32    63 1.760493 0.21282896 0.4919181 0.3390561 0.057785071 0.01311041
33    65 1.760241 0.21306889 0.4919120 0.3390607 0.057853530 0.01310777
34    67 1.759375 0.21383438 0.4926009 0.3385429 0.057886540 0.01301367
35    69 1.759244 0.21396011 0.4926598 0.3386420 0.057985442 0.01304768
36    71 1.758618 0.21462955 0.4956928 0.3386455 0.058001295 0.01309750
37    73 1.758690 0.21457284 0.4962520 0.3386226 0.057996005 0.01308294
38    75 1.758635 0.21467542 0.4969479 0.3384524 0.057969153 0.01302446
39    77 1.758646 0.21466404 0.4970440 0.3384725 0.057996575 0.01300641
40    79 1.757887 0.21536151 0.4986523 0.3382823 0.058058762 0.01289957
41    81 1.757744 0.21549125 0.4991967 0.3382933 0.058100941 0.01288662
42    83 1.755333 0.21783265 0.4960817 0.3381430 0.058823384 0.01293171
43    85 1.754548 0.21861480 0.4962806 0.3383168 0.059386248 0.01292508
44    87 1.754591 0.21859393 0.4961804 0.3382364 0.059351150 0.01294949
45    89 1.754131 0.21899192 0.4955535 0.3378603 0.058848049 0.01299485
46    91 1.753553 0.21948757 0.4946266 0.3376990 0.058851174 0.01292789
47    93 1.753643 0.21940653 0.4945970 0.3377035 0.058808787 0.01296562
48    95 1.753718 0.21933613 0.4947458 0.3377051 0.058767468 0.01296114
49    97 1.753379 0.21966402 0.4961566 0.3376864 0.059016382 0.01291251
50    99 1.752761 0.22035197 0.4955772 0.3381275 0.060698888 0.01275948
51   101 1.752566 0.22054750 0.4941939 0.3379721 0.061190566 0.01282557
52   103 1.752562 0.22055728 0.4938820 0.3379960 0.061254329 0.01286601
53   105 1.751278 0.22173039 0.4964341 0.3380441 0.061574318 0.01289847
54   107 1.751100 0.22190244 0.4962013 0.3380448 0.061639450 0.01290776
55   109 1.751016 0.22197498 0.4965116 0.3381128 0.061632709 0.01293275
56   111 1.751137 0.22190471 0.4971569 0.3380094 0.061845576 0.01295728
57   113 1.751015 0.22201172 0.4982230 0.3380703 0.061588694 0.01288747
58   115 1.751192 0.22185698 0.4981911 0.3380605 0.061509781 0.01287155
59   117 1.750240 0.22279656 0.4998815 0.3377300 0.061870995 0.01268254
60   119 1.747999 0.22515098 0.4963304 0.3371528 0.062822456 0.01315298
61   121 1.747348 0.22578449 0.4958486 0.3371107 0.062934898 0.01301214
62   123 1.744678 0.22802252 0.4931558 0.3374028 0.062750884 0.01348001
63   125 1.744088 0.22854466 0.4928579 0.3374093 0.062748820 0.01338278
64   127 1.743603 0.22894799 0.4925057 0.3373792 0.062829474 0.01335864
65   129 1.742682 0.22974555 0.4910969 0.3369688 0.062837764 0.01316256
66   131 1.742350 0.23001377 0.4907450 0.3370456 0.062881848 0.01286097
67   133 1.741888 0.23042810 0.4926513 0.3372320 0.063148125 0.01288431
68   135 1.741859 0.23045405 0.4932125 0.3372364 0.063151600 0.01287043
69   137 1.741650 0.23062076 0.4936940 0.3371785 0.063139034 0.01284886
70   139 1.741127 0.23106818 0.4945651 0.3369373 0.063260779 0.01276672
71   141 1.741039 0.23113977 0.4945560 0.3368352 0.063233452 0.01275604
72   143 1.738371 0.23329817 0.4948174 0.3362585 0.064109391 0.01270809
73   145 1.736616 0.23502660 0.4947840 0.3361994 0.064781146 0.01286271
74   147 1.734636 0.23685808 0.4981436 0.3358212 0.065420915 0.01263205
75   149 1.733030 0.23827902 0.5003723 0.3360093 0.066200085 0.01254727
76   151 1.727210 0.24351968 0.5030582 0.3344111 0.068872487 0.01269289
77   153 1.723949 0.24620295 0.5080768 0.3338744 0.070138813 0.01229141
78   155 1.719730 0.24969176 0.5039594 0.3327700 0.072253008 0.01299572
79   157 1.711866 0.25610457 0.4963637 0.3311776 0.074635529 0.01240562
80   159 1.711692 0.25624775 0.4946924 0.3310799 0.074865782 0.01238909
81   161 1.710116 0.25757025 0.4926552 0.3308221 0.075388582 0.01239555
82   163 1.707626 0.25968775 0.4976014 0.3304061 0.076273474 0.01252003
83   165 1.703584 0.26301941 0.4923285 0.3298772 0.077910896 0.01250234
84   167 1.700947 0.26511844 0.4847704 0.3291670 0.078841269 0.01244920
85   169 1.701120 0.26498941 0.4847640 0.3291009 0.078810789 0.01245945
86   171 1.701104 0.26502817 0.4839563 0.3288759 0.078798502 0.01250068
87   173 1.701110 0.26502186 0.4837893 0.3288689 0.078797128 0.01251135
88   175 1.701126 0.26500864 0.4838237 0.3288560 0.078785523 0.01250199
89   177 1.701244 0.26491426 0.4838581 0.3288797 0.078752851 0.01249620
90   179 1.702004 0.26427809 0.4839349 0.3289805 0.078539044 0.01247006
91   181 1.702069 0.26422445 0.4840008 0.3289788 0.078503488 0.01246828
92   183 1.702056 0.26424131 0.4839619 0.3290040 0.078495345 0.01251044
93   185 1.702131 0.26419360 0.4842416 0.3289392 0.078479044 0.01278319
94   187 1.703842 0.26273650 0.4865097 0.3288427 0.078331612 0.01428222
