[1] "Prediction Error: 0.04333"
BestTune:
  eta max_depth gamma colsample_bytree min_child_weight subsample nrounds
1 0.3         2     0              0.8                1      0.75     100
       RMSE   Rsquared        MAE     RMSESD RsquaredSD       MAESD
1 0.2189911 0.09857949 0.04245052 0.02986107 0.06965467 0.001960783
ResultsTune:
   eta max_depth gamma colsample_bytree min_child_weight subsample nrounds
1  0.3         1     0              0.8                1      0.60      50
3  0.3         1     0              0.8                1      0.75      50
5  0.3         1     0              1.0                1      0.60      50
7  0.3         1     0              1.0                1      0.75      50
25 0.4         1     0              0.8                1      0.60      50
27 0.4         1     0              0.8                1      0.75      50
29 0.4         1     0              1.0                1      0.60      50
31 0.4         1     0              1.0                1      0.75      50
9  0.3         2     0              0.8                1      0.60      50
11 0.3         2     0              0.8                1      0.75      50
13 0.3         2     0              1.0                1      0.60      50
15 0.3         2     0              1.0                1      0.75      50
33 0.4         2     0              0.8                1      0.60      50
35 0.4         2     0              0.8                1      0.75      50
37 0.4         2     0              1.0                1      0.60      50
39 0.4         2     0              1.0                1      0.75      50
17 0.3         3     0              0.8                1      0.60      50
19 0.3         3     0              0.8                1      0.75      50
21 0.3         3     0              1.0                1      0.60      50
23 0.3         3     0              1.0                1      0.75      50
41 0.4         3     0              0.8                1      0.60      50
43 0.4         3     0              0.8                1      0.75      50
45 0.4         3     0              1.0                1      0.60      50
47 0.4         3     0              1.0                1      0.75      50
2  0.3         1     0              0.8                1      0.60     100
4  0.3         1     0              0.8                1      0.75     100
6  0.3         1     0              1.0                1      0.60     100
8  0.3         1     0              1.0                1      0.75     100
26 0.4         1     0              0.8                1      0.60     100
28 0.4         1     0              0.8                1      0.75     100
30 0.4         1     0              1.0                1      0.60     100
32 0.4         1     0              1.0                1      0.75     100
10 0.3         2     0              0.8                1      0.60     100
12 0.3         2     0              0.8                1      0.75     100
14 0.3         2     0              1.0                1      0.60     100
16 0.3         2     0              1.0                1      0.75     100
34 0.4         2     0              0.8                1      0.60     100
36 0.4         2     0              0.8                1      0.75     100
38 0.4         2     0              1.0                1      0.60     100
40 0.4         2     0              1.0                1      0.75     100
18 0.3         3     0              0.8                1      0.60     100
20 0.3         3     0              0.8                1      0.75     100
22 0.3         3     0              1.0                1      0.60     100
24 0.3         3     0              1.0                1      0.75     100
42 0.4         3     0              0.8                1      0.60     100
44 0.4         3     0              0.8                1      0.75     100
46 0.4         3     0              1.0                1      0.60     100
48 0.4         3     0              1.0                1      0.75     100
        RMSE   Rsquared        MAE     RMSESD RsquaredSD       MAESD
1  0.2243651 0.05527503 0.04525902 0.02737920 0.03253571 0.002018307
3  0.2245265 0.05333125 0.04542215 0.02718125 0.02742716 0.002053404
5  0.2241903 0.05769047 0.04526290 0.02722722 0.03253961 0.001973688
7  0.2244105 0.05538635 0.04541248 0.02713684 0.02747332 0.002028059
25 0.2233937 0.06120868 0.04450585 0.02772690 0.03280898 0.002049259
27 0.2234478 0.06091752 0.04456449 0.02750264 0.03327247 0.001915430
29 0.2235090 0.05991924 0.04443407 0.02767781 0.03233121 0.002168090
31 0.2233573 0.06252804 0.04460378 0.02766035 0.03817375 0.001969834
9  0.2235958 0.06411339 0.04369615 0.02826407 0.05270582 0.002058437
11 0.2213664 0.07953420 0.04371608 0.02912028 0.06065030 0.002061649
13 0.2226427 0.06946129 0.04362167 0.02816104 0.04697412 0.002100277
15 0.2223785 0.07178432 0.04380450 0.02848934 0.05094461 0.002153154
33 0.2221169 0.07473041 0.04319041 0.02780165 0.04541892 0.001913429
35 0.2225581 0.07161904 0.04312706 0.02936808 0.04600104 0.002037478
37 0.2225353 0.07017332 0.04299631 0.02723820 0.04198082 0.001900551
39 0.2215399 0.07820720 0.04321853 0.02882017 0.05223315 0.001836101
17 0.2216641 0.07845389 0.04277414 0.02807219 0.04560921 0.001931482
19 0.2202088 0.09178806 0.04286282 0.02895419 0.05859205 0.001950681
21 0.2211975 0.08414954 0.04272629 0.02915981 0.06244118 0.002130884
23 0.2201383 0.09142598 0.04268097 0.02945753 0.06417071 0.001857785
41 0.2212210 0.08707472 0.04229901 0.03054146 0.05649802 0.001914686
43 0.2211480 0.08590960 0.04222709 0.02911576 0.05788652 0.001997357
45 0.2205718 0.09793239 0.04199603 0.03034926 0.06156915 0.002013324
47 0.2198264 0.09764860 0.04212112 0.03075687 0.08322270 0.002352863
2  0.2224857 0.06796137 0.04385416 0.02824030 0.04354804 0.002154394
4  0.2227785 0.06628070 0.04404029 0.02806459 0.04083398 0.002103783
6  0.2223355 0.06973460 0.04386223 0.02823341 0.04031334 0.001964427
8  0.2222194 0.07158057 0.04395535 0.02829179 0.04556619 0.002026594
26 0.2221759 0.07118645 0.04346642 0.02845591 0.04032243 0.001911628
28 0.2218575 0.07406371 0.04362085 0.02828304 0.04488227 0.002010179
30 0.2211749 0.07979309 0.04353352 0.02892415 0.05177027 0.002067340
32 0.2218938 0.07384270 0.04359611 0.02836944 0.04671715 0.002033084
10 0.2218810 0.07973522 0.04274158 0.02974751 0.05738994 0.001812902
12 0.2189911 0.09857949 0.04245052 0.02986107 0.06965467 0.001960783
14 0.2205578 0.08800717 0.04228921 0.02845988 0.05294496 0.001928434
16 0.2204090 0.08961167 0.04252472 0.02965511 0.06207982 0.001885214
34 0.2214225 0.08212752 0.04222642 0.02791851 0.05051611 0.001821506
36 0.2208423 0.08788204 0.04224645 0.02934512 0.06145502 0.002007228
38 0.2215957 0.07972435 0.04215749 0.02768403 0.03944918 0.001941341
40 0.2208246 0.08555865 0.04232149 0.02911713 0.05232707 0.001847886
18 0.2206432 0.08551417 0.04143242 0.02743689 0.04094608 0.001790716
20 0.2193760 0.10183035 0.04142237 0.02864846 0.06648240 0.001836874
22 0.2199663 0.09195333 0.04130384 0.02911983 0.04951578 0.002049832
24 0.2198978 0.09455142 0.04144665 0.02970005 0.06410563 0.001826485
42 0.2225173 0.08120108 0.04119117 0.03063322 0.05130885 0.001933367
44 0.2195325 0.09668520 0.04119328 0.03106841 0.07347092 0.002005241
46 0.2212518 0.09089584 0.04090589 0.02878621 0.04783434 0.001900106
48 0.2194517 0.10044096 0.04098627 0.02961987 0.07660391 0.002233581
