[1] "Prediction Error: 1.06021"
BestTune:
  size decay     RMSE  Rsquared       MAE   RMSESD RsquaredSD      MAESD
1    5   0.6 1.343527 0.1215984 0.2492006 0.204204 0.02182675 0.01449115
ResultsTune:
   size decay     RMSE  Rsquared       MAE    RMSESD RsquaredSD      MAESD
1     1   0.3 1.345690 0.1154465 0.2831267 0.2040997 0.02334396 0.01608844
2     1   0.4 1.345120 0.1174413 0.2832326 0.2043342 0.02289738 0.01715133
3     1   0.5 1.345047 0.1180416 0.2838644 0.2042738 0.02272934 0.01545718
4     1   0.6 1.344463 0.1199624 0.2821731 0.2041898 0.02221047 0.01425725
5     1   0.7 1.344325 0.1207036 0.2833246 0.2041461 0.02230296 0.01472786
6     1   0.8 1.344339 0.1202921 0.2819898 0.2041977 0.02233938 0.01396539
7     2   0.3 1.345063 0.1160215 0.2571309 0.2040478 0.02112682 0.01564622
8     2   0.4 1.344855 0.1175218 0.2560012 0.2041798 0.02216042 0.01619770
9     2   0.5 1.344740 0.1180247 0.2566727 0.2040069 0.02132318 0.01738556
10    2   0.6 1.344129 0.1203488 0.2574189 0.2041651 0.02181101 0.01661624
11    2   0.7 1.344166 0.1194861 0.2570075 0.2040251 0.02137003 0.01494050
12    2   0.8 1.343906 0.1204203 0.2602542 0.2041620 0.02178554 0.01678366
13    3   0.3 1.344741 0.1180357 0.2515560 0.2039379 0.02220178 0.01533165
14    3   0.4 1.344432 0.1188712 0.2507567 0.2042644 0.02197047 0.01489008
15    3   0.5 1.344481 0.1189382 0.2512762 0.2043816 0.02243390 0.01494557
16    3   0.6 1.343796 0.1210426 0.2525630 0.2043813 0.02244893 0.01469404
17    3   0.7 1.343898 0.1208584 0.2517133 0.2042276 0.02194152 0.01463006
18    3   0.8 1.343874 0.1211549 0.2535027 0.2043375 0.02298182 0.01545511
19    4   0.3 1.344566 0.1183783 0.2455731 0.2040503 0.02163144 0.01242219
20    4   0.4 1.344575 0.1195458 0.2489424 0.2040793 0.02258081 0.01659367
21    4   0.5 1.344314 0.1195852 0.2485535 0.2041532 0.02161596 0.01529321
22    4   0.6 1.343847 0.1207059 0.2510009 0.2043314 0.02217716 0.01549871
23    4   0.7 1.343912 0.1204739 0.2500821 0.2041203 0.02116827 0.01600371
24    4   0.8 1.344031 0.1204497 0.2499745 0.2040748 0.02141074 0.01542793
25    5   0.3 1.344325 0.1193284 0.2459638 0.2041002 0.02165271 0.01422536
26    5   0.4 1.344670 0.1181500 0.2449716 0.2042166 0.02119172 0.01464386
27    5   0.5 1.343609 0.1217180 0.2494379 0.2042261 0.02229649 0.01432725
28    5   0.6 1.343527 0.1215984 0.2492006 0.2042040 0.02182675 0.01449115
29    5   0.7 1.343813 0.1209687 0.2481595 0.2042952 0.02222347 0.01432915
30    5   0.8 1.343641 0.1213804 0.2486415 0.2041773 0.02233317 0.01403319
