[1] "Prediction Error: 0.04486"
BestTune:
  size decay      RMSE   Rsquared        MAE     RMSESD RsquaredSD       MAESD
1    1   0.3 0.2198869 0.07180462 0.04660402 0.03893082 0.02705108 0.002474862
ResultsTune:
   size decay      RMSE   Rsquared        MAE     RMSESD RsquaredSD       MAESD
1     1   0.3 0.2198869 0.07180462 0.04660402 0.03893082 0.02705108 0.002474862
2     1   0.4 0.2199095 0.07191587 0.04734739 0.03898923 0.02789569 0.002410113
3     1   0.5 0.2199600 0.07152316 0.04795379 0.03904546 0.02718978 0.002206811
4     1   0.6 0.2200415 0.07073805 0.04821474 0.03909938 0.02615311 0.002521321
5     1   0.7 0.2200737 0.07032251 0.04856519 0.03908654 0.02527889 0.002509749
6     1   0.8 0.2201173 0.07017884 0.04897213 0.03914836 0.02491784 0.002430818
7     2   0.3 0.2208707 0.06428639 0.03999798 0.03870960 0.02850216 0.002842924
8     2   0.4 0.2209791 0.06305305 0.04080861 0.03890174 0.02684466 0.002512790
9     2   0.5 0.2206537 0.06469792 0.04131578 0.03866287 0.02476029 0.002709084
10    2   0.6 0.2203189 0.06777160 0.04176541 0.03889147 0.02664995 0.002676195
11    2   0.7 0.2203047 0.06722553 0.04258903 0.03900636 0.02363973 0.002894073
12    2   0.8 0.2203496 0.06683161 0.04283155 0.03899994 0.02276444 0.002557085
13    3   0.3 0.2219263 0.05723202 0.03635204 0.03887737 0.02515292 0.002691491
14    3   0.4 0.2211903 0.06206729 0.03724776 0.03935882 0.02699707 0.003107582
15    3   0.5 0.2213603 0.06047955 0.03816355 0.03905310 0.02379321 0.002933310
16    3   0.6 0.2207637 0.06507058 0.03892885 0.03898525 0.02594266 0.002978074
17    3   0.7 0.2203850 0.06721163 0.03951187 0.03907704 0.02491213 0.003170359
18    3   0.8 0.2204508 0.06634666 0.03989144 0.03876738 0.02281799 0.002689724
19    4   0.3 0.2215942 0.06013143 0.03496311 0.03887902 0.02505557 0.003346199
20    4   0.4 0.2210305 0.06352069 0.03629334 0.03873482 0.02423237 0.003106684
21    4   0.5 0.2209148 0.06438923 0.03643316 0.03922094 0.02776922 0.002872290
22    4   0.6 0.2206785 0.06526341 0.03751961 0.03864422 0.02478550 0.002814334
23    4   0.7 0.2204870 0.06698527 0.03842694 0.03895891 0.02610854 0.002934240
24    4   0.8 0.2203245 0.06803915 0.03886663 0.03920774 0.02512096 0.002687562
25    5   0.3 0.2214960 0.06096980 0.03484370 0.03891335 0.02666145 0.003045945
26    5   0.4 0.2209944 0.06416493 0.03552014 0.03904366 0.02696671 0.003067430
27    5   0.5 0.2204823 0.06775851 0.03624735 0.03891624 0.02668485 0.003218508
28    5   0.6 0.2207152 0.06606270 0.03701678 0.03880473 0.02690754 0.002728745
29    5   0.7 0.2205378 0.06686831 0.03793512 0.03865725 0.02652613 0.003163052
30    5   0.8 0.2201617 0.06981030 0.03836535 0.03885916 0.02772643 0.002974036
