[1] "Prediction Error: 0.04573"
BestTune:
  ncomp      RMSE   Rsquared        MAE     RMSESD RsquaredSD       MAESD
1   163 0.2221965 0.04787508 0.05337775 0.04152856 0.01329668 0.002122333
ResultsTune:
   ncomp      RMSE    Rsquared        MAE     RMSESD   RsquaredSD       MAESD
1      1 0.2271330 0.001667885 0.04698667 0.04216898 0.0008242809 0.002363143
2      3 0.2264612 0.008307285 0.04718650 0.04213635 0.0044137018 0.002344120
3      5 0.2245736 0.025284789 0.05309886 0.04210933 0.0068375261 0.002289127
4      7 0.2242960 0.027826429 0.05356393 0.04206874 0.0073674055 0.002279142
5      9 0.2241312 0.029331668 0.05436301 0.04205357 0.0076619012 0.002222987
6     11 0.2241206 0.029427312 0.05433816 0.04203952 0.0076476583 0.002220645
7     13 0.2240535 0.030009826 0.05480722 0.04199802 0.0074396536 0.002178804
8     15 0.2240193 0.030317868 0.05495884 0.04199509 0.0075152313 0.002179126
9     17 0.2240153 0.030355394 0.05506965 0.04198760 0.0074868408 0.002168519
10    19 0.2239582 0.030860733 0.05578535 0.04193910 0.0072956432 0.002132195
11    21 0.2239427 0.031003261 0.05589828 0.04194129 0.0073401321 0.002139525
12    23 0.2239077 0.031321617 0.05594543 0.04193735 0.0073859914 0.002137372
13    25 0.2239171 0.031249526 0.05597069 0.04194231 0.0074505577 0.002141570
14    27 0.2239166 0.031255237 0.05597266 0.04194229 0.0074546630 0.002142811
15    29 0.2239111 0.031306565 0.05598774 0.04194194 0.0074802706 0.002140818
16    31 0.2239034 0.031377204 0.05597413 0.04194158 0.0074991678 0.002143892
17    33 0.2238816 0.031580896 0.05599551 0.04193450 0.0075547488 0.002139198
18    35 0.2238185 0.032179534 0.05560129 0.04192211 0.0077907152 0.002157218
19    37 0.2232054 0.037801943 0.05531980 0.04183878 0.0093027653 0.002122981
20    39 0.2228227 0.041423068 0.05259926 0.04180780 0.0109017645 0.002188399
21    41 0.2227448 0.042174804 0.05258452 0.04179067 0.0113047326 0.002181719
22    43 0.2227372 0.042249898 0.05287770 0.04179162 0.0113257348 0.002176230
23    45 0.2227595 0.042066734 0.05288801 0.04179917 0.0113471597 0.002178332
24    47 0.2226227 0.043357700 0.05235319 0.04180309 0.0119379569 0.002180591
25    49 0.2225883 0.043706883 0.05209112 0.04181494 0.0122173623 0.002186080
26    51 0.2226047 0.043561353 0.05207598 0.04181374 0.0121400871 0.002186142
27    53 0.2225955 0.043645438 0.05202018 0.04180930 0.0121199141 0.002188540
28    55 0.2225933 0.043668805 0.05201412 0.04181028 0.0121314249 0.002189641
29    57 0.2225681 0.043904035 0.05181592 0.04180953 0.0122415345 0.002196093
30    59 0.2225703 0.043894461 0.05183555 0.04180765 0.0122599616 0.002195221
31    61 0.2225415 0.044149872 0.05226536 0.04179106 0.0121901827 0.002173444
32    63 0.2225505 0.044075611 0.05214562 0.04178030 0.0121045010 0.002190324
33    65 0.2225331 0.044228657 0.05213700 0.04177995 0.0120827787 0.002186205
34    67 0.2224887 0.044618034 0.05230903 0.04174758 0.0119661010 0.002174873
35    69 0.2224743 0.044745107 0.05238582 0.04173760 0.0119490522 0.002170382
36    71 0.2224446 0.045015227 0.05249273 0.04172054 0.0119168510 0.002152274
37    73 0.2224428 0.045031797 0.05252428 0.04172027 0.0119358472 0.002158547
38    75 0.2224553 0.044925248 0.05253412 0.04171967 0.0119033719 0.002159726
39    77 0.2224628 0.044874159 0.05256180 0.04171551 0.0119401252 0.002154574
40    79 0.2224544 0.044953208 0.05267345 0.04170736 0.0119629098 0.002153230
41    81 0.2224470 0.045047046 0.05260022 0.04171342 0.0121402750 0.002143270
42    83 0.2223967 0.045531789 0.05265358 0.04170831 0.0124557555 0.002157697
43    85 0.2223963 0.045552204 0.05262982 0.04170818 0.0124788648 0.002154108
44    87 0.2223990 0.045537680 0.05266243 0.04170713 0.0124853094 0.002154835
45    89 0.2223952 0.045592336 0.05259238 0.04170209 0.0124710172 0.002155446
46    91 0.2224045 0.045512285 0.05262049 0.04170142 0.0124258112 0.002156253
47    93 0.2224099 0.045464460 0.05263076 0.04169847 0.0123752920 0.002155428
48    95 0.2224258 0.045331597 0.05264837 0.04169935 0.0123383402 0.002156367
49    97 0.2224279 0.045318942 0.05266015 0.04170245 0.0123530401 0.002158307
50    99 0.2224367 0.045250484 0.05266925 0.04170101 0.0123523159 0.002159312
51   101 0.2224410 0.045219785 0.05268393 0.04171082 0.0123665822 0.002160476
52   103 0.2224382 0.045241204 0.05273353 0.04170901 0.0123067304 0.002159102
53   105 0.2224366 0.045273981 0.05275754 0.04171216 0.0124018019 0.002161671
54   107 0.2224393 0.045260363 0.05280940 0.04170039 0.0123567854 0.002161019
55   109 0.2224341 0.045311414 0.05281562 0.04169823 0.0123174205 0.002164790
56   111 0.2224365 0.045304561 0.05282680 0.04170022 0.0123572648 0.002162372
57   113 0.2224405 0.045274605 0.05283378 0.04169657 0.0123293643 0.002160215
58   115 0.2224525 0.045185635 0.05287661 0.04168908 0.0123088822 0.002155801
59   117 0.2224366 0.045338095 0.05294760 0.04167326 0.0123341121 0.002144198
60   119 0.2224453 0.045268305 0.05295320 0.04167215 0.0123201396 0.002144421
61   121 0.2224533 0.045205233 0.05293909 0.04167041 0.0123131943 0.002147831
62   123 0.2224621 0.045137160 0.05295732 0.04167008 0.0123068539 0.002149049
63   125 0.2224626 0.045148273 0.05296975 0.04167226 0.0123618417 0.002149085
64   127 0.2224691 0.045098268 0.05296426 0.04167264 0.0123729346 0.002150707
65   129 0.2224743 0.045068642 0.05297447 0.04166979 0.0124077977 0.002149544
66   131 0.2224879 0.044962632 0.05298587 0.04167201 0.0124178035 0.002151908
67   133 0.2224744 0.045089855 0.05310929 0.04166646 0.0124346733 0.002148340
68   135 0.2224770 0.045070089 0.05315365 0.04167443 0.0124191444 0.002155444
69   137 0.2224783 0.045070961 0.05318293 0.04167422 0.0124547147 0.002156129
70   139 0.2224981 0.044911935 0.05320049 0.04167587 0.0124387276 0.002156505
71   141 0.2224295 0.045565977 0.05353037 0.04166846 0.0127015876 0.002131970
72   143 0.2224021 0.045810649 0.05337394 0.04165541 0.0126916070 0.002138088
73   145 0.2223814 0.045996451 0.05344971 0.04164308 0.0126335809 0.002139845
74   147 0.2223174 0.046607550 0.05362663 0.04164094 0.0129165288 0.002146700
75   149 0.2223341 0.046487656 0.05359148 0.04164140 0.0129346293 0.002140395
76   151 0.2223292 0.046539426 0.05359363 0.04162841 0.0129134254 0.002132777
77   153 0.2222668 0.047127292 0.05370027 0.04161853 0.0130975475 0.002121794
78   155 0.2222315 0.047458928 0.05347411 0.04158463 0.0131017318 0.002130996
79   157 0.2222056 0.047725669 0.05340586 0.04154753 0.0131563394 0.002124487
80   159 0.2222079 0.047716997 0.05342462 0.04154955 0.0131935305 0.002124594
81   161 0.2222103 0.047700087 0.05350932 0.04154235 0.0131364367 0.002122322
82   163 0.2221965 0.047875085 0.05337775 0.04152856 0.0132966769 0.002122333
83   165 0.2221979 0.047868507 0.05340726 0.04153069 0.0133034387 0.002122150
84   167 0.2222039 0.047819923 0.05340226 0.04152861 0.0132524252 0.002122141
85   169 0.2222148 0.047728667 0.05341294 0.04152948 0.0132067280 0.002122990
86   171 0.2222206 0.047681416 0.05344907 0.04152103 0.0131547754 0.002118413
87   173 0.2222406 0.047518453 0.05346145 0.04151613 0.0130901604 0.002114850
88   175 0.2222581 0.047377771 0.05346114 0.04151776 0.0130503096 0.002112104
89   177 0.2222733 0.047260325 0.05346876 0.04151600 0.0130398221 0.002114766
90   179 0.2222754 0.047270990 0.05352494 0.04151755 0.0130475670 0.002109127
91   181 0.2222761 0.047287767 0.05355430 0.04151765 0.0130713082 0.002099905
