[1] "Prediction Error: 1.12117"
BestTune:
  ncomp     RMSE  Rsquared      MAE    RMSESD RsquaredSD       MAESD
1   181 1.275807 0.1851646 0.360315 0.1816389  0.0342603 0.007615361
ResultsTune:
   ncomp     RMSE   Rsquared       MAE    RMSESD  RsquaredSD       MAESD
1      1 1.398556 0.01564681 0.3976640 0.1827960 0.003236202 0.008696645
2      3 1.334862 0.10604001 0.3706010 0.1843654 0.024172858 0.008390756
3      5 1.333574 0.10772259 0.3858045 0.1843781 0.023863187 0.008165212
4      7 1.328526 0.11460429 0.3890310 0.1842737 0.024550549 0.008170880
5      9 1.326536 0.11729793 0.3945021 0.1844005 0.024913799 0.008093813
6     11 1.325154 0.11921427 0.3934598 0.1845098 0.025467820 0.008048519
7     13 1.324844 0.11965216 0.3936433 0.1846337 0.025697633 0.008077487
8     15 1.324480 0.12014599 0.3939084 0.1846557 0.025729651 0.008081495
9     17 1.324285 0.12040722 0.3943936 0.1846240 0.025743918 0.008050169
10    19 1.323660 0.12124938 0.3947176 0.1846126 0.025844645 0.008027366
11    21 1.322221 0.12319706 0.3979271 0.1846787 0.026233480 0.007921610
12    23 1.322091 0.12337348 0.3980631 0.1846931 0.026267009 0.007972891
13    25 1.320345 0.12568419 0.3995224 0.1843635 0.025941980 0.007934390
14    27 1.318371 0.12829357 0.3957956 0.1838907 0.025548705 0.007927047
15    29 1.318298 0.12839005 0.3957467 0.1838666 0.025522880 0.007907715
16    31 1.318284 0.12840810 0.3957275 0.1838645 0.025521515 0.007899267
17    33 1.318207 0.12851126 0.3957479 0.1838437 0.025510719 0.007881560
18    35 1.317937 0.12886495 0.3955292 0.1837865 0.025459006 0.007880383
19    37 1.317636 0.12926761 0.3959171 0.1837412 0.025433946 0.007901436
20    39 1.301617 0.15069404 0.3730721 0.1831495 0.026652763 0.007950313
21    41 1.296599 0.15746892 0.3658792 0.1829796 0.029064202 0.008354815
22    43 1.293013 0.16231848 0.3567273 0.1829129 0.030313161 0.007915453
23    45 1.293141 0.16213243 0.3583476 0.1827573 0.030004339 0.007881915
24    47 1.293080 0.16222210 0.3598064 0.1828557 0.030067302 0.007967953
25    49 1.293014 0.16231896 0.3587217 0.1829933 0.030149127 0.007920052
26    51 1.293037 0.16228743 0.3592782 0.1829290 0.030060384 0.007889781
27    53 1.292220 0.16336182 0.3613405 0.1827621 0.029967350 0.007700693
28    55 1.291047 0.16490535 0.3600960 0.1827098 0.030099006 0.007690650
29    57 1.291021 0.16493886 0.3604282 0.1827191 0.030107148 0.007709036
30    59 1.290879 0.16512900 0.3603730 0.1827618 0.030184049 0.007702367
31    61 1.290443 0.16570646 0.3616892 0.1828151 0.030277353 0.007659561
32    63 1.290318 0.16587231 0.3623712 0.1828264 0.030326131 0.007657687
33    65 1.289963 0.16635991 0.3615670 0.1829150 0.030550611 0.007644581
34    67 1.289842 0.16652467 0.3613321 0.1829037 0.030610009 0.007645347
35    69 1.289799 0.16658254 0.3614272 0.1828869 0.030635552 0.007651073
36    71 1.289750 0.16664816 0.3617487 0.1828453 0.030639952 0.007647121
37    73 1.289729 0.16667798 0.3629428 0.1828089 0.030614047 0.007556744
38    75 1.289555 0.16690147 0.3629340 0.1827571 0.030567485 0.007573172
39    77 1.289186 0.16739855 0.3637763 0.1828270 0.030819501 0.007543535
40    79 1.289044 0.16758985 0.3641642 0.1827933 0.030867430 0.007534347
41    81 1.288223 0.16866666 0.3627744 0.1826067 0.031130544 0.007579679
42    83 1.288043 0.16895049 0.3626622 0.1823888 0.031135372 0.007566514
43    85 1.288012 0.16902009 0.3619585 0.1823534 0.031220145 0.007621817
44    87 1.287937 0.16913399 0.3618427 0.1822974 0.031383874 0.007626619
45    89 1.287799 0.16931476 0.3616192 0.1822975 0.031452400 0.007652585
46    91 1.287475 0.16972615 0.3612169 0.1821846 0.031532168 0.007639273
47    93 1.287343 0.16990844 0.3617656 0.1821523 0.031543732 0.007632153
48    95 1.287325 0.16993860 0.3617847 0.1820975 0.031517329 0.007615223
49    97 1.287231 0.17006316 0.3620456 0.1820738 0.031504640 0.007611414
50    99 1.287365 0.16989863 0.3623258 0.1820401 0.031440507 0.007606435
51   101 1.287357 0.16991604 0.3622311 0.1820366 0.031438620 0.007605130
52   103 1.287309 0.16997689 0.3624586 0.1820310 0.031426844 0.007576332
53   105 1.287119 0.17022822 0.3633294 0.1820229 0.031500355 0.007570202
54   107 1.286863 0.17056482 0.3639542 0.1820711 0.031588272 0.007599828
55   109 1.286738 0.17072060 0.3640088 0.1820156 0.031507821 0.007609291
56   111 1.286783 0.17066133 0.3640096 0.1819936 0.031442223 0.007596076
57   113 1.286770 0.17067947 0.3638906 0.1819973 0.031456723 0.007596131
58   115 1.286567 0.17094341 0.3640676 0.1819931 0.031455251 0.007631203
59   117 1.285832 0.17193202 0.3636054 0.1820586 0.031706309 0.007704056
60   119 1.285321 0.17259191 0.3642096 0.1818919 0.031677546 0.007647260
61   121 1.285142 0.17282622 0.3651679 0.1818319 0.031646787 0.007626489
62   123 1.284340 0.17386567 0.3652755 0.1817317 0.031761164 0.007755505
63   125 1.283764 0.17462641 0.3632984 0.1816890 0.032044561 0.007867584
64   127 1.283684 0.17474234 0.3627371 0.1817062 0.032162145 0.007785746
65   129 1.283585 0.17486973 0.3627083 0.1816884 0.032127295 0.007784153
66   131 1.283600 0.17485144 0.3627118 0.1816886 0.032120882 0.007787939
67   133 1.283057 0.17553632 0.3605047 0.1816276 0.031936293 0.007692358
68   135 1.283018 0.17557057 0.3601886 0.1815768 0.031745536 0.007667217
69   137 1.282973 0.17562791 0.3605341 0.1815576 0.031721146 0.007667811
70   139 1.282957 0.17564697 0.3606952 0.1815488 0.031699501 0.007642652
71   141 1.282877 0.17574506 0.3607735 0.1815275 0.031676168 0.007621303
72   143 1.282777 0.17586634 0.3602380 0.1814853 0.031666775 0.007673992
73   145 1.282214 0.17662251 0.3624504 0.1815483 0.031851606 0.007705585
74   147 1.281770 0.17719488 0.3634261 0.1815440 0.031893926 0.007647858
75   149 1.281508 0.17753773 0.3639301 0.1815397 0.031940727 0.007664010
76   151 1.279472 0.18023748 0.3646230 0.1816122 0.032715181 0.007700196
77   153 1.279086 0.18077023 0.3645654 0.1816282 0.032975075 0.007689018
78   155 1.278770 0.18125606 0.3628190 0.1815631 0.033088411 0.007627510
79   157 1.278525 0.18158085 0.3630827 0.1815466 0.033158412 0.007595921
80   159 1.278314 0.18187833 0.3629094 0.1815252 0.033246076 0.007629926
81   161 1.277268 0.18324455 0.3626248 0.1815259 0.033583768 0.007694065
82   163 1.277286 0.18322476 0.3626584 0.1815151 0.033581959 0.007685286
83   165 1.276665 0.18403752 0.3621680 0.1815654 0.033855382 0.007732006
84   167 1.276594 0.18413250 0.3624374 0.1815970 0.033897650 0.007715550
85   169 1.276034 0.18488455 0.3607774 0.1817724 0.034244917 0.007631013
86   171 1.275929 0.18502392 0.3604882 0.1817572 0.034271385 0.007645157
87   173 1.275828 0.18515413 0.3600990 0.1817783 0.034324230 0.007631049
88   175 1.275830 0.18515080 0.3600442 0.1817463 0.034299593 0.007620728
89   177 1.275825 0.18515957 0.3601971 0.1817632 0.034325375 0.007634280
90   179 1.275945 0.18499004 0.3600327 0.1816787 0.034292756 0.007626403
91   181 1.275807 0.18516461 0.3603150 0.1816389 0.034260304 0.007615361
92   183 1.275831 0.18514372 0.3605851 0.1816537 0.034274385 0.007625341
93   185 1.275840 0.18513656 0.3607035 0.1816406 0.034298007 0.007617875
