[1] "Prediction Error: 0.96232"
BestTune:
  eta max_depth gamma colsample_bytree min_child_weight subsample nrounds
1 0.3         3     0                1                1      0.75     100
     RMSE  Rsquared       MAE    RMSESD RsquaredSD      MAESD
1 1.13245 0.3445515 0.2692874 0.2159953 0.06443295 0.01190912
ResultsTune:
   eta max_depth gamma colsample_bytree min_child_weight subsample nrounds
1  0.3         1     0              0.8                1      0.60      50
3  0.3         1     0              0.8                1      0.75      50
5  0.3         1     0              1.0                1      0.60      50
7  0.3         1     0              1.0                1      0.75      50
25 0.4         1     0              0.8                1      0.60      50
27 0.4         1     0              0.8                1      0.75      50
29 0.4         1     0              1.0                1      0.60      50
31 0.4         1     0              1.0                1      0.75      50
9  0.3         2     0              0.8                1      0.60      50
11 0.3         2     0              0.8                1      0.75      50
13 0.3         2     0              1.0                1      0.60      50
15 0.3         2     0              1.0                1      0.75      50
33 0.4         2     0              0.8                1      0.60      50
35 0.4         2     0              0.8                1      0.75      50
37 0.4         2     0              1.0                1      0.60      50
39 0.4         2     0              1.0                1      0.75      50
17 0.3         3     0              0.8                1      0.60      50
19 0.3         3     0              0.8                1      0.75      50
21 0.3         3     0              1.0                1      0.60      50
23 0.3         3     0              1.0                1      0.75      50
41 0.4         3     0              0.8                1      0.60      50
43 0.4         3     0              0.8                1      0.75      50
45 0.4         3     0              1.0                1      0.60      50
47 0.4         3     0              1.0                1      0.75      50
2  0.3         1     0              0.8                1      0.60     100
4  0.3         1     0              0.8                1      0.75     100
6  0.3         1     0              1.0                1      0.60     100
8  0.3         1     0              1.0                1      0.75     100
26 0.4         1     0              0.8                1      0.60     100
28 0.4         1     0              0.8                1      0.75     100
30 0.4         1     0              1.0                1      0.60     100
32 0.4         1     0              1.0                1      0.75     100
10 0.3         2     0              0.8                1      0.60     100
12 0.3         2     0              0.8                1      0.75     100
14 0.3         2     0              1.0                1      0.60     100
16 0.3         2     0              1.0                1      0.75     100
34 0.4         2     0              0.8                1      0.60     100
36 0.4         2     0              0.8                1      0.75     100
38 0.4         2     0              1.0                1      0.60     100
40 0.4         2     0              1.0                1      0.75     100
18 0.3         3     0              0.8                1      0.60     100
20 0.3         3     0              0.8                1      0.75     100
22 0.3         3     0              1.0                1      0.60     100
24 0.3         3     0              1.0                1      0.75     100
42 0.4         3     0              0.8                1      0.60     100
44 0.4         3     0              0.8                1      0.75     100
46 0.4         3     0              1.0                1      0.60     100
48 0.4         3     0              1.0                1      0.75     100
       RMSE  Rsquared       MAE    RMSESD RsquaredSD      MAESD
1  1.223137 0.2495321 0.3086052 0.2342662 0.07639621 0.01327813
3  1.224387 0.2516609 0.3094223 0.2342252 0.08222488 0.01343108
5  1.224831 0.2494277 0.3087407 0.2393209 0.07416109 0.01355635
7  1.225739 0.2503690 0.3096247 0.2392621 0.08054991 0.01350009
25 1.204474 0.2646984 0.2984340 0.2149637 0.08263967 0.01303761
27 1.201403 0.2659815 0.2991613 0.2140599 0.08530179 0.01287682
29 1.201455 0.2659332 0.2991944 0.2108589 0.09006106 0.01284030
31 1.203217 0.2660838 0.2991952 0.2096432 0.08754037 0.01309616
9  1.180918 0.2886791 0.2848415 0.2362353 0.04762792 0.01271507
11 1.178622 0.2925143 0.2848244 0.2413931 0.04623431 0.01302257
13 1.180153 0.2905433 0.2845307 0.2407933 0.04420804 0.01293598
15 1.183228 0.2873732 0.2851575 0.2398837 0.04312123 0.01317470
33 1.166477 0.3048862 0.2805989 0.2244012 0.04949057 0.01326162
35 1.172007 0.2983042 0.2803227 0.2313628 0.05078156 0.01306919
37 1.180212 0.2917099 0.2807576 0.2340732 0.04920820 0.01327270
39 1.181756 0.2875356 0.2803896 0.2389275 0.04450594 0.01258906
17 1.169360 0.3029413 0.2779544 0.2403767 0.05230142 0.01308158
19 1.150089 0.3232677 0.2772905 0.2252111 0.06470963 0.01229243
21 1.164414 0.3093583 0.2777405 0.2353667 0.05000851 0.01308786
23 1.151693 0.3226512 0.2775041 0.2197776 0.06434296 0.01208124
41 1.156536 0.3180502 0.2745311 0.2218574 0.06283433 0.01295411
43 1.169503 0.3047957 0.2750026 0.2433741 0.05478510 0.01234878
45 1.149926 0.3249087 0.2736109 0.2302335 0.05035052 0.01378070
47 1.147861 0.3255791 0.2738169 0.2168003 0.05823941 0.01191775
2  1.182974 0.2818239 0.2892286 0.1982436 0.07995531 0.01257235
4  1.181222 0.2852856 0.2893152 0.1958080 0.08413981 0.01251706
6  1.181753 0.2837153 0.2886438 0.2056152 0.07411829 0.01295894
8  1.179715 0.2871059 0.2892009 0.1957988 0.08926026 0.01269186
26 1.168582 0.2968389 0.2827198 0.1866240 0.08217498 0.01217191
28 1.168582 0.2947634 0.2835678 0.1894261 0.08461953 0.01175337
30 1.168660 0.2956834 0.2830417 0.1828014 0.08928097 0.01172705
32 1.169204 0.2965068 0.2833411 0.1798511 0.08663659 0.01190671
10 1.159843 0.3145599 0.2752028 0.2242520 0.05551468 0.01234408
12 1.158654 0.3143730 0.2751668 0.2293613 0.05311531 0.01273497
14 1.155925 0.3172288 0.2750442 0.2249009 0.05485642 0.01266531
16 1.161204 0.3131437 0.2751628 0.2277875 0.05106447 0.01267718
34 1.152257 0.3234801 0.2733612 0.2158122 0.05769741 0.01283818
36 1.154556 0.3201136 0.2736121 0.2185492 0.06039307 0.01217569
38 1.166969 0.3112160 0.2738275 0.2207749 0.06230512 0.01287472
40 1.162589 0.3110048 0.2732017 0.2343264 0.04829451 0.01271599
18 1.156010 0.3189563 0.2705698 0.2334206 0.04888548 0.01288912
20 1.133517 0.3426227 0.2697430 0.2161419 0.05798890 0.01171532
22 1.143371 0.3366149 0.2697899 0.2331425 0.05529764 0.01284829
24 1.132450 0.3445515 0.2692874 0.2159953 0.06443295 0.01190912
42 1.145129 0.3324737 0.2682921 0.2312000 0.06032650 0.01301123
44 1.150176 0.3268569 0.2688708 0.2424167 0.06368604 0.01277469
46 1.141657 0.3368999 0.2674684 0.2395221 0.04263807 0.01356589
48 1.135061 0.3418580 0.2675920 0.2225126 0.06209256 0.01212933
