[1] "Prediction Error: 1.45771"
BestTune:
  size decay      RMSE  Rsquared        MAE     RMSESD RsquaredSD       MAESD
1    4   0.4 0.2353791 0.1544884 0.03173158 0.06350587 0.05240133 0.003703908
ResultsTune:
   size decay      RMSE  Rsquared        MAE     RMSESD RsquaredSD       MAESD
1     1   0.3 0.2364227 0.1516360 0.03949187 0.06320485 0.06177188 0.003289559
2     1   0.4 0.2364363 0.1505260 0.04001568 0.06332272 0.05987069 0.003077829
3     1   0.5 0.2363567 0.1514075 0.04071392 0.06358482 0.05610201 0.003370958
4     1   0.6 0.2367002 0.1480206 0.04124817 0.06356999 0.05779369 0.003330704
5     1   0.7 0.2366793 0.1489210 0.04181610 0.06358318 0.05742947 0.003232000
6     1   0.8 0.2368884 0.1454739 0.04211017 0.06373053 0.05555633 0.003254992
7     2   0.3 0.2358690 0.1533650 0.03358018 0.06350370 0.05758653 0.004051014
8     2   0.4 0.2361043 0.1491868 0.03375608 0.06385732 0.05132682 0.003646298
9     2   0.5 0.2359612 0.1510051 0.03393816 0.06369453 0.05481813 0.003814314
10    2   0.6 0.2359822 0.1494451 0.03425790 0.06367787 0.05108965 0.004150982
11    2   0.7 0.2361281 0.1472208 0.03452574 0.06386718 0.05057677 0.003631107
12    2   0.8 0.2360969 0.1483231 0.03456941 0.06402333 0.05003342 0.003437904
13    3   0.3 0.2361269 0.1470603 0.03167396 0.06372302 0.05188702 0.003908950
14    3   0.4 0.2358249 0.1491929 0.03210723 0.06360218 0.04932853 0.003827807
15    3   0.5 0.2356574 0.1516228 0.03294574 0.06368460 0.04950344 0.003701063
16    3   0.6 0.2355773 0.1528203 0.03318770 0.06383370 0.05094336 0.004120119
17    3   0.7 0.2356998 0.1513374 0.03424039 0.06384742 0.05071142 0.003470160
18    3   0.8 0.2357901 0.1508318 0.03471630 0.06385276 0.05087464 0.003773425
19    4   0.3 0.2358269 0.1484857 0.03104206 0.06396666 0.04823582 0.003716257
20    4   0.4 0.2353791 0.1544884 0.03173158 0.06350587 0.05240133 0.003703908
21    4   0.5 0.2355852 0.1514531 0.03288777 0.06386341 0.04933140 0.003789631
22    4   0.6 0.2355996 0.1503309 0.03336150 0.06375428 0.04818409 0.004072471
23    4   0.7 0.2355740 0.1514393 0.03416716 0.06377725 0.05135648 0.003693284
24    4   0.8 0.2356836 0.1502788 0.03395229 0.06388929 0.04601803 0.003629015
25    5   0.3 0.2355685 0.1513370 0.03037352 0.06367198 0.04934438 0.003810329
26    5   0.4 0.2354877 0.1509248 0.03103393 0.06366913 0.04723178 0.003723522
27    5   0.5 0.2355417 0.1504129 0.03186637 0.06392484 0.04717959 0.003646802
28    5   0.6 0.2355617 0.1496841 0.03260181 0.06375268 0.04669788 0.003418249
29    5   0.7 0.2354135 0.1515825 0.03316039 0.06385744 0.04824701 0.003623071
30    5   0.8 0.2354558 0.1502843 0.03383280 0.06376682 0.04726030 0.003596356
