[1] "Prediction Error: 0.34061"
BestTune:
  size decay      RMSE  Rsquared     RMSESD RsquaredSD
1    2   0.7 0.4438759 0.1129567 0.07500231 0.04741031
ResultsTune:
   size decay      RMSE   Rsquared     RMSESD RsquaredSD
1     1   0.3 0.4462372 0.10172581 0.07498058 0.04710629
2     1   0.4 0.4458470 0.10252838 0.07516989 0.04521429
3     1   0.5 0.4455248 0.10325047 0.07541147 0.04461250
4     1   0.6 0.4453292 0.10334602 0.07543684 0.04239472
5     1   0.7 0.4453093 0.10312783 0.07559253 0.03994985
6     1   0.8 0.4452117 0.10316824 0.07574780 0.03980165
7     2   0.3 0.4484033 0.10648457 0.07462056 0.05280864
8     2   0.4 0.4466404 0.10656454 0.07512758 0.05018995
9     2   0.5 0.4455691 0.10879135 0.07562852 0.05203357
10    2   0.6 0.4445361 0.11078505 0.07591492 0.04850800
11    2   0.7 0.4438759 0.11295674 0.07500231 0.04741031
12    2   0.8 0.4439140 0.11138574 0.07450130 0.04284455
13    3   0.3 0.4551773 0.09805176 0.07521613 0.05218482
14    3   0.4 0.4511278 0.10391136 0.07495782 0.05145520
15    3   0.5 0.4482711 0.10705866 0.07427184 0.05044561
16    3   0.6 0.4459578 0.10987136 0.07392950 0.04821659
17    3   0.7 0.4443299 0.11300401 0.07474338 0.04810783
18    3   0.8 0.4450513 0.11055254 0.07429667 0.04404819
19    4   0.3 0.4583924 0.09359401 0.07271589 0.04901569
20    4   0.4 0.4538247 0.09887506 0.07144224 0.04545319
21    4   0.5 0.4497247 0.10281141 0.07400744 0.04740219
22    4   0.6 0.4477140 0.10913925 0.07314365 0.05284255
23    4   0.7 0.4450376 0.11299904 0.07409764 0.04517489
24    4   0.8 0.4454034 0.10987336 0.07395832 0.04344224
25    5   0.3 0.4595458 0.09278837 0.07232799 0.04890155
26    5   0.4 0.4547024 0.09937728 0.07245820 0.04749445
27    5   0.5 0.4488536 0.10647026 0.07258039 0.04767784
28    5   0.6 0.4466880 0.10985159 0.07335520 0.04726198
29    5   0.7 0.4460002 0.10953413 0.07383064 0.04507693
30    5   0.8 0.4456028 0.11215115 0.07446039 0.04936919
