[1] "Prediction Error: 4.98455"
BestTune:
  size decay      RMSE  Rsquared    RMSESD RsquaredSD
1    1   0.8 0.7920714 0.1275994 0.1149397 0.04524394
ResultsTune:
   size decay      RMSE  Rsquared    RMSESD RsquaredSD
1     1   0.3 0.7940063 0.1242681 0.1156383 0.04738869
2     1   0.4 0.7944852 0.1231222 0.1163804 0.04677545
3     1   0.5 0.7929152 0.1262063 0.1147585 0.04578418
4     1   0.6 0.7928135 0.1262931 0.1152338 0.04558888
5     1   0.7 0.7924026 0.1270899 0.1152449 0.04566242
6     1   0.8 0.7920714 0.1275994 0.1149397 0.04524394
7     2   0.3 0.8100739 0.1104974 0.1082257 0.04615689
8     2   0.4 0.8007089 0.1244135 0.1155376 0.05189072
9     2   0.5 0.7959511 0.1261579 0.1126116 0.04655174
10    2   0.6 0.7977421 0.1249566 0.1111865 0.04497857
11    2   0.7 0.7957739 0.1256931 0.1142209 0.04717879
12    2   0.8 0.7928712 0.1304643 0.1137324 0.04710260
13    3   0.3 0.8294475 0.1105809 0.1194861 0.05558270
14    3   0.4 0.8147235 0.1167697 0.1123654 0.05456918
15    3   0.5 0.8062678 0.1194802 0.1118507 0.04922763
16    3   0.6 0.8020158 0.1270934 0.1096606 0.05075236
17    3   0.7 0.7967676 0.1326371 0.1107009 0.05044374
18    3   0.8 0.7956993 0.1332511 0.1113598 0.05211323
19    4   0.3 0.8314037 0.1044528 0.1107462 0.05108206
20    4   0.4 0.8215844 0.1166043 0.1135776 0.05762458
21    4   0.5 0.8130946 0.1227629 0.1074894 0.05935795
22    4   0.6 0.8070306 0.1251803 0.1127285 0.05169990
23    4   0.7 0.7983053 0.1355603 0.1139579 0.05651886
24    4   0.8 0.7979515 0.1326311 0.1084811 0.04637452
25    5   0.3 0.8331579 0.1081136 0.1157786 0.05050370
26    5   0.4 0.8196020 0.1178866 0.1122240 0.05612948
27    5   0.5 0.8128364 0.1215889 0.1084727 0.05163033
28    5   0.6 0.8075162 0.1323936 0.1117718 0.06467960
29    5   0.7 0.8006820 0.1332162 0.1092304 0.05214416
30    5   0.8 0.7992704 0.1370703 0.1113880 0.05653736
