[1] "Prediction Error: 5.23204"
BestTune:
   k      RMSE  Rsquared    RMSESD RsquaredSD
1 24 0.9949783 0.3291917 0.1015973  0.1204834
TuneResults:
    k      RMSE  Rsquared    RMSESD RsquaredSD
1  20 0.9978733 0.3250712 0.1001023  0.1235293
2  21 0.9969755 0.3262420 0.1000915  0.1238589
3  22 0.9961670 0.3271918 0.1004583  0.1232089
4  23 0.9954552 0.3282311 0.1010789  0.1220640
5  24 0.9949783 0.3291917 0.1015973  0.1204834
6  25 0.9954091 0.3293651 0.1023616  0.1185749
7  26 0.9963628 0.3290974 0.1037413  0.1169762
8  27 0.9977405 0.3283308 0.1048542  0.1150137
9  28 0.9992843 0.3274791 0.1061829  0.1136158
10 29 1.0010536 0.3263275 0.1073386  0.1120162
11 30 1.0025495 0.3257276 0.1086545  0.1097409
12 31 1.0036626 0.3257316 0.1097010  0.1081927
13 32 1.0052262 0.3249927 0.1107376  0.1064747
14 33 1.0065032 0.3246722 0.1120741  0.1049568
15 34 1.0080366 0.3238070 0.1131822  0.1040494
16 35 1.0096104 0.3227953 0.1141987  0.1028183
