[1] "Prediction Error: 2.95185"
BestTune:
   k     RMSE  Rsquared    RMSESD RsquaredSD
1 20 2.302282 0.3188605 0.6772258 0.09100551
TuneResults:
    k     RMSE  Rsquared    RMSESD RsquaredSD
1  20 2.302282 0.3188605 0.6772258 0.09100551
2  21 2.303828 0.3182121 0.6782251 0.09129671
3  22 2.305877 0.3171028 0.6786396 0.09094577
4  23 2.307530 0.3162653 0.6782846 0.09051625
5  24 2.309634 0.3151017 0.6783076 0.08998866
6  25 2.310525 0.3146951 0.6772827 0.08941818
7  26 2.311556 0.3142920 0.6767623 0.08917173
8  27 2.311354 0.3146192 0.6756627 0.08844735
9  28 2.312784 0.3138319 0.6750074 0.08841186
10 29 2.313869 0.3132904 0.6739258 0.08765153
11 30 2.315560 0.3122934 0.6723546 0.08686979
12 31 2.316361 0.3119559 0.6726117 0.08673439
13 32 2.317286 0.3115674 0.6719656 0.08660040
14 33 2.318781 0.3107590 0.6715030 0.08647046
15 34 2.320947 0.3094772 0.6718916 0.08656911
16 35 2.322739 0.3084853 0.6719182 0.08644958
