[1] "Prediction Error: 0.33764"
BestTune:
   k      RMSE   Rsquared     RMSESD RsquaredSD
1 34 0.4480208 0.09294826 0.07258355 0.03386863
TuneResults:
    k      RMSE   Rsquared     RMSESD RsquaredSD
1  20 0.4512036 0.08423903 0.07176058 0.03357789
2  21 0.4506731 0.08552604 0.07174240 0.03324616
3  22 0.4505342 0.08562372 0.07160987 0.03301632
4  23 0.4501779 0.08655845 0.07190824 0.03302701
5  24 0.4500975 0.08656241 0.07194521 0.03279872
6  25 0.4498408 0.08715476 0.07182406 0.03271914
7  26 0.4497292 0.08720463 0.07195726 0.03229310
8  27 0.4496118 0.08734096 0.07206882 0.03205773
9  28 0.4494285 0.08788280 0.07219026 0.03228373
10 29 0.4491498 0.08874651 0.07232440 0.03258512
11 30 0.4489081 0.08951080 0.07245716 0.03273409
12 31 0.4486770 0.09035261 0.07247906 0.03325451
13 32 0.4483136 0.09175498 0.07240059 0.03352370
14 33 0.4481400 0.09246193 0.07249532 0.03381037
15 34 0.4480208 0.09294826 0.07258355 0.03386863
16 35 0.4480435 0.09275107 0.07259801 0.03347172
