[1] "Prediction Error: 1.51210"
BestTune:
   k     RMSE  Rsquared    RMSESD RsquaredSD
1 20 1.700908 0.3114488 0.2842166 0.06696328
TuneResults:
    k     RMSE  Rsquared    RMSESD RsquaredSD
1  20 1.700908 0.3114488 0.2842166 0.06696328
2  21 1.703760 0.3093069 0.2851204 0.06532593
3  22 1.704990 0.3084148 0.2854127 0.06562135
4  23 1.705350 0.3083953 0.2862675 0.06499852
5  24 1.708149 0.3062645 0.2877834 0.06392996
6  25 1.710096 0.3048372 0.2891888 0.06272354
7  26 1.711064 0.3043334 0.2902614 0.06204432
8  27 1.712050 0.3037390 0.2918072 0.06127149
9  28 1.713104 0.3031501 0.2926019 0.06081874
10 29 1.713634 0.3031885 0.2933404 0.06019983
11 30 1.714753 0.3025983 0.2950227 0.05988076
12 31 1.715670 0.3022561 0.2963923 0.05831314
13 32 1.716183 0.3021885 0.2981924 0.05691837
14 33 1.718235 0.3005841 0.2981950 0.05611382
15 34 1.720275 0.2988350 0.2991331 0.05515478
16 35 1.721979 0.2974074 0.3002620 0.05435972
