[1] "Prediction Error: 1.00707"
BestTune:
   k     RMSE  Rsquared    RMSESD RsquaredSD
1 20 1.282384 0.1861426 0.1409913 0.03150726
TuneResults:
   k     RMSE  Rsquared    RMSESD RsquaredSD
1 20 1.282384 0.1861426 0.1409913 0.03150726
2 23 1.285275 0.1832579 0.1419053 0.03104129
3 26 1.288307 0.1800648 0.1418607 0.02908210
4 29 1.291960 0.1754184 0.1420781 0.02900272
5 32 1.294309 0.1728327 0.1424684 0.02843553
6 35 1.296881 0.1695452 0.1426610 0.02834332
7 38 1.298728 0.1672664 0.1425794 0.02770332
