[1] "Prediction Error: 3.60549"
BestTune:
   k     RMSE Rsquared    RMSESD RsquaredSD
1 15 1.712452 0.265748 0.2521587 0.05459218
TuneResults:
    k     RMSE  Rsquared    RMSESD RsquaredSD
1  15 1.712452 0.2657480 0.2521587 0.05459218
2  16 1.716531 0.2631794 0.2523376 0.05458177
3  17 1.718866 0.2619875 0.2517713 0.05559933
4  18 1.723274 0.2583635 0.2528598 0.05560175
5  19 1.726546 0.2560220 0.2531334 0.05488446
6  20 1.727849 0.2556681 0.2535195 0.05652546
7  21 1.729203 0.2556672 0.2527943 0.05637708
8  22 1.731144 0.2548696 0.2539586 0.05641257
9  23 1.732339 0.2549365 0.2547957 0.05683087
10 24 1.734623 0.2537729 0.2545346 0.05675225
11 25 1.735814 0.2536686 0.2538994 0.05607030
