[1] "Prediction Error: 0.04469"
BestTune:
   k     RMSE   Rsquared     RMSESD RsquaredSD
1 25 0.224151 0.03399127 0.04259844 0.01541508
TuneResults:
    k      RMSE   Rsquared     RMSESD RsquaredSD
1  15 0.2263286 0.02834592 0.04173172 0.01295867
2  16 0.2256986 0.03048967 0.04164697 0.01311728
3  17 0.2253723 0.03137814 0.04196629 0.01402717
4  18 0.2250727 0.03219188 0.04205233 0.01442292
5  19 0.2247597 0.03320685 0.04204431 0.01508586
6  20 0.2246771 0.03303980 0.04215985 0.01522108
7  21 0.2246552 0.03251072 0.04232751 0.01439529
8  22 0.2244366 0.03318366 0.04253637 0.01365649
9  23 0.2241770 0.03464484 0.04250776 0.01577276
10 24 0.2242100 0.03402849 0.04253253 0.01542843
11 25 0.2241510 0.03399127 0.04259844 0.01541508
