[1] "Prediction Error: 3.58405"
BestTune:
   k     RMSE  Rsquared    RMSESD RsquaredSD
1 20 1.716337 0.2621699 0.3061932 0.06167735
TuneResults:
   k     RMSE  Rsquared    RMSESD RsquaredSD
1 20 1.716337 0.2621699 0.3061932 0.06167735
2 23 1.721423 0.2606399 0.3090859 0.06224296
3 26 1.727323 0.2576888 0.3110697 0.06079872
4 29 1.732932 0.2535186 0.3106788 0.05486086
5 32 1.739464 0.2488593 0.3119607 0.05326815
6 35 1.745101 0.2443152 0.3133243 0.05229579
7 38 1.747829 0.2426451 0.3145446 0.05103888
