[1] "Prediction Error: 1.01000"
BestTune:
   k     RMSE  Rsquared    RMSESD RsquaredSD
1 17 1.264029 0.2006468 0.2140382 0.03965056
TuneResults:
    k     RMSE  Rsquared    RMSESD RsquaredSD
1  15 1.264273 0.1989388 0.2115501 0.03759248
2  16 1.264236 0.1995529 0.2130974 0.03817980
3  17 1.264029 0.2006468 0.2140382 0.03965056
4  18 1.265762 0.1991306 0.2148093 0.03941241
5  19 1.266775 0.1986213 0.2149303 0.03888636
6  20 1.268218 0.1970835 0.2142777 0.03752970
7  21 1.269753 0.1955469 0.2145824 0.03774311
8  22 1.270551 0.1950943 0.2153313 0.03864982
9  23 1.271382 0.1943915 0.2149107 0.03828139
10 24 1.272548 0.1931164 0.2150586 0.03748342
11 25 1.273534 0.1920221 0.2153693 0.03738443
