[1] "Prediction Error: 0.04440"
BestTune:
   k      RMSE   Rsquared     RMSESD RsquaredSD
1 58 0.2232502 0.03658368 0.04347309 0.01324813
TuneResults:
   k      RMSE   Rsquared     RMSESD RsquaredSD
1 40 0.2234995 0.03534094 0.04344396 0.01460256
2 43 0.2235821 0.03429628 0.04344562 0.01300627
3 46 0.2234841 0.03487766 0.04345405 0.01307564
4 49 0.2234359 0.03510284 0.04349183 0.01267708
5 52 0.2233887 0.03542268 0.04352264 0.01293965
6 55 0.2232779 0.03633200 0.04351263 0.01308397
7 58 0.2232502 0.03658368 0.04347309 0.01324813
