BestTune:
  size decay  Accuracy     Kappa  AccuracySD    KappaSD
1    5   0.7 0.8975283 0.1325021 0.002065927 0.02386417
TuneResults:
   size decay  Accuracy      Kappa  AccuracySD    KappaSD
1     1   0.3 0.8947953 0.08978876 0.001730713 0.02000710
2     1   0.4 0.8947678 0.08932235 0.001790652 0.02004515
3     1   0.5 0.8947513 0.08853785 0.001789093 0.01979556
4     1   0.6 0.8947403 0.08758685 0.001729525 0.01948837
5     1   0.7 0.8947513 0.08713185 0.001739363 0.01964704
6     1   0.8 0.8947541 0.08659037 0.001740802 0.01961940
7     2   0.3 0.8966265 0.11593126 0.001922331 0.02241922
8     2   0.4 0.8962168 0.11030675 0.001984685 0.02308075
9     2   0.5 0.8963048 0.11044510 0.002041491 0.02437104
10    2   0.6 0.8963598 0.11052159 0.002101477 0.02465802
11    2   0.7 0.8961426 0.10593496 0.001943290 0.02312810
12    2   0.8 0.8962690 0.10803597 0.001936225 0.02249667
13    3   0.3 0.8969921 0.12007991 0.001998658 0.02262068
14    3   0.4 0.8969371 0.12139039 0.002114133 0.02468560
15    3   0.5 0.8968354 0.11899582 0.001905632 0.02243238
16    3   0.6 0.8969014 0.11893234 0.001949600 0.02269450
17    3   0.7 0.8967199 0.11608217 0.001904729 0.02294477
18    3   0.8 0.8969701 0.11687642 0.001986083 0.02342027
19    4   0.3 0.8974101 0.13143474 0.001872869 0.02275893
20    4   0.4 0.8971269 0.12727691 0.002068636 0.02374672
21    4   0.5 0.8970554 0.12504421 0.002060289 0.02529208
22    4   0.6 0.8969564 0.12454177 0.002251604 0.02371474
23    4   0.7 0.8971186 0.12443018 0.002004254 0.02206908
24    4   0.8 0.8969372 0.12230805 0.001949360 0.02144109
25    5   0.3 0.8971516 0.13382638 0.002164790 0.02375279
26    5   0.4 0.8974458 0.13621692 0.002058731 0.02204149
27    5   0.5 0.8972588 0.13422446 0.002180901 0.02287163
28    5   0.6 0.8974155 0.13160775 0.002028224 0.02344789
29    5   0.7 0.8975283 0.13250207 0.002065927 0.02386417
30    5   0.8 0.8972533 0.12997925 0.001891688 0.02111840
