BestTune:
  size decay  Accuracy      Kappa   AccuracySD    KappaSD
1    5   0.5 0.9390938 0.07218181 0.0009675693 0.02145815
TuneResults:
   size decay  Accuracy       Kappa   AccuracySD    KappaSD
1     1   0.3 0.9382055 0.000000000 0.0001401775 0.00000000
2     1   0.4 0.9382055 0.000000000 0.0001401775 0.00000000
3     1   0.5 0.9382055 0.000000000 0.0001401775 0.00000000
4     1   0.6 0.9382055 0.000000000 0.0001401775 0.00000000
5     1   0.7 0.9382055 0.000000000 0.0001401775 0.00000000
6     1   0.8 0.9382055 0.000000000 0.0001401775 0.00000000
7     2   0.3 0.9381959 0.022852072 0.0007006188 0.01947099
8     2   0.4 0.9382568 0.021200451 0.0006625312 0.01768007
9     2   0.5 0.9383851 0.020978157 0.0005872584 0.01970781
10    2   0.6 0.9383146 0.017187206 0.0006106999 0.01854708
11    2   0.7 0.9382536 0.012561276 0.0005676225 0.01450045
12    2   0.8 0.9382440 0.008843863 0.0004475238 0.01149413
13    3   0.3 0.9386384 0.046592570 0.0009542055 0.02372487
14    3   0.4 0.9385615 0.040321561 0.0009117719 0.02016233
15    3   0.5 0.9385198 0.038321368 0.0008626481 0.02119734
16    3   0.6 0.9384941 0.035337123 0.0008894262 0.01989258
17    3   0.7 0.9386288 0.036030045 0.0007180753 0.02088634
18    3   0.8 0.9384749 0.031015004 0.0007133497 0.01901977
19    4   0.3 0.9389431 0.065432599 0.0010913209 0.02323169
20    4   0.4 0.9388853 0.061467746 0.0010312587 0.02384559
21    4   0.5 0.9388276 0.057058769 0.0009731676 0.02111759
22    4   0.6 0.9388821 0.055053891 0.0009414639 0.02270672
23    4   0.7 0.9389463 0.053896013 0.0009581195 0.02106497
24    4   0.8 0.9388982 0.052419466 0.0009207677 0.02120704
25    5   0.3 0.9390681 0.079295261 0.0012213929 0.02537404
26    5   0.4 0.9390713 0.076698709 0.0010938927 0.02362101
27    5   0.5 0.9390938 0.072181808 0.0009675693 0.02145815
28    5   0.6 0.9390008 0.070627287 0.0010640536 0.02385667
29    5   0.7 0.9389110 0.065462444 0.0011280378 0.02538920
30    5   0.8 0.9390746 0.064959612 0.0009710362 0.02372089
