[1] "Prediction Error: 1.82951"
BestTune:
  alpha lambda    RMSE  Rsquared       MAE    RMSESD RsquaredSD      MAESD
1     0      0 1.76357 0.2080982 0.5162596 0.3456831 0.06564072 0.01239702
ResultsTune:
        alpha     lambda     RMSE  Rsquared       MAE    RMSESD RsquaredSD
1   0.0000000  0.0000000 1.763570 0.2080982 0.5162596 0.3456831 0.06564072
2   0.0000000  0.7142857 1.776006 0.2022998 0.4849391 0.3538056 0.06324784
3   0.0000000  1.4285714 1.792397 0.1965440 0.4748738 0.3573624 0.06144142
4   0.0000000  2.1428571 1.806717 0.1921887 0.4757128 0.3590993 0.06023199
5   0.0000000  2.8571429 1.818984 0.1888086 0.4808056 0.3600302 0.05934323
6   0.0000000  3.5714286 1.829542 0.1861143 0.4864661 0.3605490 0.05864954
7   0.0000000  4.2857143 1.838723 0.1839093 0.4916468 0.3608186 0.05809860
8   0.0000000  5.0000000 1.846784 0.1820677 0.4962244 0.3609338 0.05764953
9   0.0000000  5.7142857 1.853884 0.1805199 0.5002396 0.3609811 0.05726069
10  0.0000000  6.4285714 1.860223 0.1791849 0.5038176 0.3609566 0.05693719
11  0.0000000  7.1428571 1.865899 0.1780277 0.5070171 0.3608923 0.05665730
12  0.0000000  7.8571429 1.871007 0.1770167 0.5098865 0.3608083 0.05641066
13  0.0000000  8.5714286 1.875632 0.1761247 0.5124745 0.3607138 0.05619104
14  0.0000000  9.2857143 1.879834 0.1753337 0.5148128 0.3606132 0.05599464
15  0.0000000 10.0000000 1.883673 0.1746246 0.5169413 0.3605033 0.05581860
16  0.1111111  0.0000000 1.763983 0.2081536 0.5220756 0.3439710 0.06580400
17  0.1111111  0.7142857 1.806408 0.1810829 0.4801624 0.3564500 0.05884867
18  0.1111111  1.4285714 1.845393 0.1599522 0.5058694 0.3581590 0.05344499
19  0.1111111  2.1428571 1.871772 0.1547760 0.5183701 0.3596938 0.05049764
20  0.1111111  2.8571429 1.895057 0.1519425 0.5289830 0.3595461 0.04992763
21  0.1111111  3.5714286 1.914566 0.1523002 0.5376976 0.3591998 0.05037010
22  0.1111111  4.2857143 1.931985 0.1527319 0.5453165 0.3588042 0.05040213
23  0.1111111  5.0000000 1.946935 0.1509774 0.5518155 0.3580564 0.04982194
24  0.1111111  5.7142857 1.957419 0.1502077 0.5564149 0.3572183 0.05004242
25  0.1111111  6.4285714 1.966029 0.1472213 0.5601140 0.3566315 0.04874985
26  0.1111111  7.1428571 1.969302       NaN 0.5615620 0.3554985         NA
27  0.1111111  7.8571429 1.969302       NaN 0.5615620 0.3554985         NA
28  0.1111111  8.5714286 1.969302       NaN 0.5615620 0.3554985         NA
29  0.1111111  9.2857143 1.969302       NaN 0.5615620 0.3554985         NA
30  0.1111111 10.0000000 1.969302       NaN 0.5615620 0.3554985         NA
31  0.2222222  0.0000000 1.764003 0.2081488 0.5220578 0.3439459 0.06580655
32  0.2222222  0.7142857 1.832905 0.1595087 0.4984536 0.3573593 0.05271264
33  0.2222222  1.4285714 1.875486 0.1526349 0.5196489 0.3598250 0.05041768
34  0.2222222  2.1428571 1.916469 0.1515903 0.5381535 0.3598647 0.05009386
35  0.2222222  2.8571429 1.949699 0.1502077 0.5529765 0.3582324 0.05004242
36  0.2222222  3.5714286 1.969302       NaN 0.5615620 0.3554985         NA
37  0.2222222  4.2857143 1.969302       NaN 0.5615620 0.3554985         NA
38  0.2222222  5.0000000 1.969302       NaN 0.5615620 0.3554985         NA
39  0.2222222  5.7142857 1.969302       NaN 0.5615620 0.3554985         NA
40  0.2222222  6.4285714 1.969302       NaN 0.5615620 0.3554985         NA
41  0.2222222  7.1428571 1.969302       NaN 0.5615620 0.3554985         NA
42  0.2222222  7.8571429 1.969302       NaN 0.5615620 0.3554985         NA
43  0.2222222  8.5714286 1.969302       NaN 0.5615620 0.3554985         NA
44  0.2222222  9.2857143 1.969302       NaN 0.5615620 0.3554985         NA
45  0.2222222 10.0000000 1.969302       NaN 0.5615620 0.3554985         NA
46  0.3333333  0.0000000 1.764014 0.2081463 0.5220763 0.3439318 0.06580768
47  0.3333333  0.7142857 1.847483 0.1539750 0.5054911 0.3589935 0.05028085
48  0.3333333  1.4285714 1.906978 0.1502503 0.5337348 0.3601967 0.05000693
49  0.3333333  2.1428571 1.962110 0.1472213 0.5583482 0.3579595 0.04874985
50  0.3333333  2.8571429 1.969302       NaN 0.5615620 0.3554985         NA
51  0.3333333  3.5714286 1.969302       NaN 0.5615620 0.3554985         NA
52  0.3333333  4.2857143 1.969302       NaN 0.5615620 0.3554985         NA
53  0.3333333  5.0000000 1.969302       NaN 0.5615620 0.3554985         NA
54  0.3333333  5.7142857 1.969302       NaN 0.5615620 0.3554985         NA
55  0.3333333  6.4285714 1.969302       NaN 0.5615620 0.3554985         NA
56  0.3333333  7.1428571 1.969302       NaN 0.5615620 0.3554985         NA
57  0.3333333  7.8571429 1.969302       NaN 0.5615620 0.3554985         NA
58  0.3333333  8.5714286 1.969302       NaN 0.5615620 0.3554985         NA
59  0.3333333  9.2857143 1.969302       NaN 0.5615620 0.3554985         NA
60  0.3333333 10.0000000 1.969302       NaN 0.5615620 0.3554985         NA
61  0.4444444  0.0000000 1.764015 0.2081454 0.5220497 0.3439277 0.06580716
62  0.4444444  0.7142857 1.860960 0.1520262 0.5121148 0.3598967 0.05031800
63  0.4444444  1.4285714 1.940284 0.1502077 0.5487247 0.3593496 0.05004242
64  0.4444444  2.1428571 1.969302       NaN 0.5615620 0.3554985         NA
65  0.4444444  2.8571429 1.969302       NaN 0.5615620 0.3554985         NA
66  0.4444444  3.5714286 1.969302       NaN 0.5615620 0.3554985         NA
67  0.4444444  4.2857143 1.969302       NaN 0.5615620 0.3554985         NA
68  0.4444444  5.0000000 1.969302       NaN 0.5615620 0.3554985         NA
69  0.4444444  5.7142857 1.969302       NaN 0.5615620 0.3554985         NA
70  0.4444444  6.4285714 1.969302       NaN 0.5615620 0.3554985         NA
71  0.4444444  7.1428571 1.969302       NaN 0.5615620 0.3554985         NA
72  0.4444444  7.8571429 1.969302       NaN 0.5615620 0.3554985         NA
73  0.4444444  8.5714286 1.969302       NaN 0.5615620 0.3554985         NA
74  0.4444444  9.2857143 1.969302       NaN 0.5615620 0.3554985         NA
75  0.4444444 10.0000000 1.969302       NaN 0.5615620 0.3554985         NA
76  0.5555556  0.0000000 1.764020 0.2081440 0.5220703 0.3439217 0.06580748
77  0.5555556  0.7142857 1.875478 0.1502075 0.5190109 0.3604619 0.05003370
78  0.5555556  1.4285714 1.969302       NaN 0.5615620 0.3554985         NA
79  0.5555556  2.1428571 1.969302       NaN 0.5615620 0.3554985         NA
80  0.5555556  2.8571429 1.969302       NaN 0.5615620 0.3554985         NA
81  0.5555556  3.5714286 1.969302       NaN 0.5615620 0.3554985         NA
82  0.5555556  4.2857143 1.969302       NaN 0.5615620 0.3554985         NA
83  0.5555556  5.0000000 1.969302       NaN 0.5615620 0.3554985         NA
84  0.5555556  5.7142857 1.969302       NaN 0.5615620 0.3554985         NA
85  0.5555556  6.4285714 1.969302       NaN 0.5615620 0.3554985         NA
86  0.5555556  7.1428571 1.969302       NaN 0.5615620 0.3554985         NA
87  0.5555556  7.8571429 1.969302       NaN 0.5615620 0.3554985         NA
88  0.5555556  8.5714286 1.969302       NaN 0.5615620 0.3554985         NA
89  0.5555556  9.2857143 1.969302       NaN 0.5615620 0.3554985         NA
90  0.5555556 10.0000000 1.969302       NaN 0.5615620 0.3554985         NA
91  0.6666667  0.0000000 1.764025 0.2081431 0.5220800 0.3439169 0.06580825
92  0.6666667  0.7142857 1.890706 0.1502077 0.5262219 0.3606428 0.05004242
93  0.6666667  1.4285714 1.969302       NaN 0.5615620 0.3554985         NA
94  0.6666667  2.1428571 1.969302       NaN 0.5615620 0.3554985         NA
95  0.6666667  2.8571429 1.969302       NaN 0.5615620 0.3554985         NA
96  0.6666667  3.5714286 1.969302       NaN 0.5615620 0.3554985         NA
97  0.6666667  4.2857143 1.969302       NaN 0.5615620 0.3554985         NA
98  0.6666667  5.0000000 1.969302       NaN 0.5615620 0.3554985         NA
99  0.6666667  5.7142857 1.969302       NaN 0.5615620 0.3554985         NA
100 0.6666667  6.4285714 1.969302       NaN 0.5615620 0.3554985         NA
101 0.6666667  7.1428571 1.969302       NaN 0.5615620 0.3554985         NA
102 0.6666667  7.8571429 1.969302       NaN 0.5615620 0.3554985         NA
103 0.6666667  8.5714286 1.969302       NaN 0.5615620 0.3554985         NA
104 0.6666667  9.2857143 1.969302       NaN 0.5615620 0.3554985         NA
105 0.6666667 10.0000000 1.969302       NaN 0.5615620 0.3554985         NA
106 0.7777778  0.0000000 1.764029 0.2081419 0.5220900 0.3439130 0.06580818
107 0.7777778  0.7142857 1.909078 0.1502077 0.5345880 0.3606009 0.05004242
108 0.7777778  1.4285714 1.969302       NaN 0.5615620 0.3554985         NA
109 0.7777778  2.1428571 1.969302       NaN 0.5615620 0.3554985         NA
110 0.7777778  2.8571429 1.969302       NaN 0.5615620 0.3554985         NA
111 0.7777778  3.5714286 1.969302       NaN 0.5615620 0.3554985         NA
112 0.7777778  4.2857143 1.969302       NaN 0.5615620 0.3554985         NA
113 0.7777778  5.0000000 1.969302       NaN 0.5615620 0.3554985         NA
114 0.7777778  5.7142857 1.969302       NaN 0.5615620 0.3554985         NA
115 0.7777778  6.4285714 1.969302       NaN 0.5615620 0.3554985         NA
116 0.7777778  7.1428571 1.969302       NaN 0.5615620 0.3554985         NA
117 0.7777778  7.8571429 1.969302       NaN 0.5615620 0.3554985         NA
118 0.7777778  8.5714286 1.969302       NaN 0.5615620 0.3554985         NA
119 0.7777778  9.2857143 1.969302       NaN 0.5615620 0.3554985         NA
120 0.7777778 10.0000000 1.969302       NaN 0.5615620 0.3554985         NA
121 0.8888889  0.0000000 1.764030 0.2081415 0.5220960 0.3439103 0.06580802
122 0.8888889  0.7142857 1.931139 0.1502077 0.5445388 0.3602978 0.05004242
123 0.8888889  1.4285714 1.969302       NaN 0.5615620 0.3554985         NA
124 0.8888889  2.1428571 1.969302       NaN 0.5615620 0.3554985         NA
125 0.8888889  2.8571429 1.969302       NaN 0.5615620 0.3554985         NA
126 0.8888889  3.5714286 1.969302       NaN 0.5615620 0.3554985         NA
127 0.8888889  4.2857143 1.969302       NaN 0.5615620 0.3554985         NA
128 0.8888889  5.0000000 1.969302       NaN 0.5615620 0.3554985         NA
129 0.8888889  5.7142857 1.969302       NaN 0.5615620 0.3554985         NA
130 0.8888889  6.4285714 1.969302       NaN 0.5615620 0.3554985         NA
131 0.8888889  7.1428571 1.969302       NaN 0.5615620 0.3554985         NA
132 0.8888889  7.8571429 1.969302       NaN 0.5615620 0.3554985         NA
133 0.8888889  8.5714286 1.969302       NaN 0.5615620 0.3554985         NA
134 0.8888889  9.2857143 1.969302       NaN 0.5615620 0.3554985         NA
135 0.8888889 10.0000000 1.969302       NaN 0.5615620 0.3554985         NA
136 1.0000000  0.0000000 1.764031 0.2081412 0.5221006 0.3439080 0.06580855
137 1.0000000  0.7142857 1.957335 0.1472213 0.5561530 0.3595326 0.04874985
138 1.0000000  1.4285714 1.969302       NaN 0.5615620 0.3554985         NA
139 1.0000000  2.1428571 1.969302       NaN 0.5615620 0.3554985         NA
140 1.0000000  2.8571429 1.969302       NaN 0.5615620 0.3554985         NA
141 1.0000000  3.5714286 1.969302       NaN 0.5615620 0.3554985         NA
142 1.0000000  4.2857143 1.969302       NaN 0.5615620 0.3554985         NA
143 1.0000000  5.0000000 1.969302       NaN 0.5615620 0.3554985         NA
144 1.0000000  5.7142857 1.969302       NaN 0.5615620 0.3554985         NA
145 1.0000000  6.4285714 1.969302       NaN 0.5615620 0.3554985         NA
146 1.0000000  7.1428571 1.969302       NaN 0.5615620 0.3554985         NA
147 1.0000000  7.8571429 1.969302       NaN 0.5615620 0.3554985         NA
148 1.0000000  8.5714286 1.969302       NaN 0.5615620 0.3554985         NA
149 1.0000000  9.2857143 1.969302       NaN 0.5615620 0.3554985         NA
150 1.0000000 10.0000000 1.969302       NaN 0.5615620 0.3554985         NA
         MAESD
1   0.01239702
2   0.01269771
3   0.01324824
4   0.01371867
5   0.01397417
6   0.01407514
7   0.01411358
8   0.01412294
9   0.01413973
10  0.01414298
11  0.01413781
12  0.01413115
13  0.01412487
14  0.01412100
15  0.01411129
16  0.01237071
17  0.01369232
18  0.01386525
19  0.01403610
20  0.01408210
21  0.01416916
22  0.01424648
23  0.01419182
24  0.01408356
25  0.01404635
26  0.01365337
27  0.01365337
28  0.01365337
29  0.01365337
30  0.01365337
31  0.01237867
32  0.01378322
33  0.01403042
34  0.01438639
35  0.01435397
36  0.01365337
37  0.01365337
38  0.01365337
39  0.01365337
40  0.01365337
41  0.01365337
42  0.01365337
43  0.01365337
44  0.01365337
45  0.01365337
46  0.01237701
47  0.01380815
48  0.01435699
49  0.01454640
50  0.01365337
51  0.01365337
52  0.01365337
53  0.01365337
54  0.01365337
55  0.01365337
56  0.01365337
57  0.01365337
58  0.01365337
59  0.01365337
60  0.01365337
61  0.01238289
62  0.01391942
63  0.01466712
64  0.01365337
65  0.01365337
66  0.01365337
67  0.01365337
68  0.01365337
69  0.01365337
70  0.01365337
71  0.01365337
72  0.01365337
73  0.01365337
74  0.01365337
75  0.01365337
76  0.01238126
77  0.01408885
78  0.01365337
79  0.01365337
80  0.01365337
81  0.01365337
82  0.01365337
83  0.01365337
84  0.01365337
85  0.01365337
86  0.01365337
87  0.01365337
88  0.01365337
89  0.01365337
90  0.01365337
91  0.01237680
92  0.01432330
93  0.01365337
94  0.01365337
95  0.01365337
96  0.01365337
97  0.01365337
98  0.01365337
99  0.01365337
100 0.01365337
101 0.01365337
102 0.01365337
103 0.01365337
104 0.01365337
105 0.01365337
106 0.01237519
107 0.01463379
108 0.01365337
109 0.01365337
110 0.01365337
111 0.01365337
112 0.01365337
113 0.01365337
114 0.01365337
115 0.01365337
116 0.01365337
117 0.01365337
118 0.01365337
119 0.01365337
120 0.01365337
121 0.01237709
122 0.01495076
123 0.01365337
124 0.01365337
125 0.01365337
126 0.01365337
127 0.01365337
128 0.01365337
129 0.01365337
130 0.01365337
131 0.01365337
132 0.01365337
133 0.01365337
134 0.01365337
135 0.01365337
136 0.01238041
137 0.01519457
138 0.01365337
139 0.01365337
140 0.01365337
141 0.01365337
142 0.01365337
143 0.01365337
144 0.01365337
145 0.01365337
146 0.01365337
147 0.01365337
148 0.01365337
149 0.01365337
150 0.01365337
