data|trend.11teamsports|trend.Amazon|trend.bonton|trend.coupon|trend.adidas|trend.asics|trend.Converse|trend.Jako|trend.Jordan|trend.KangaROOS|trend.Nike|trend.PUMA|trend.Reebok|trend.Uhlsport|trend.UnderArmour
2017/9/1|13|37|13|37|50|59|55|50|42|41|44|72|45|40|36
2017/9/2|16|41|17|68|64|85|100|47|63|26|60|100|58|24|50
2017/9/3|34|43|17|77|57|85|69|77|51|37|53|89|82|90|36
2017/9/4|12|39|21|42|46|50|44|56|41|35|44|68|37|38|19
2017/9/5|19|38|9|43|47|84|60|42|40|24|47|71|44|58|35
2017/9/6|20|40|11|49|49|66|50|63|49|14|47|66|59|37|35
2017/9/7|15|38|11|50|52|75|43|68|42|18|44|71|65|79|35
2017/9/8|13|38|14|46|50|65|48|62|47|29|45|71|40|50|39
2017/9/9|22|40|14|50|60|72|57|96|67|29|54|81|65|0|54
2017/9/10|21|41|19|62|58|73|53|56|62|52|55|74|64|54|50
2017/9/11|26|40|8|40|45|69|48|72|43|37|42|68|49|55|32
2017/9/12|14|40|9|53|44|67|46|64|43|34|38|60|42|46|40
2017/9/13|14|40|13|55|43|74|45|63|40|20|41|62|51|56|34
2017/9/14|12|39|13|43|44|62|44|83|46|38|41|66|46|76|46
2017/9/15|28|36|13|46|45|66|48|47|50|48|42|54|52|71|31
2017/9/16|33|42|14|42|56|100|56|72|66|39|53|84|83|59|38
2017/9/17|12|42|18|52|56|88|46|87|51|32|54|86|64|54|35
2017/9/18|10|39|11|55|40|73|43|58|42|31|40|54|43|74|39
2017/9/19|26|38|12|38|41|58|35|76|53|27|37|57|42|65|33
2017/9/20|37|38|13|76|41|66|45|61|47|55|40|52|51|47|34
2017/9/21|8|36|14|49|41|54|47|52|44|32|41|70|52|39|31
2017/9/22|13|35|15|53|42|50|41|43|52|22|38|55|49|62|36
2017/9/23|10|39|12|54|55|86|48|62|58|26|47|75|62|48|39
2017/9/24|36|37|13|67|43|68|43|81|57|43|43|69|52|20|31
2017/9/25|14|36|10|38|37|59|31|47|53|43|38|45|47|18|35
2017/9/26|10|37|9|46|40|70|39|45|48|27|38|55|36|93|33
2017/9/27|23|38|14|38|44|62|45|31|47|17|37|59|45|38|31
2017/9/28|8|38|10|54|42|53|36|54|42|32|40|59|44|29|36
2017/9/29|9|37|13|68|42|71|32|46|55|19|41|53|40|51|35
2017/9/30|17|41|21|71|54|80|53|66|59|34|50|85|61|46|39
2017/10/1|16|42|20|68|55|74|63|87|66|31|51|75|57|54|36
2017/10/2|12|40|12|58|46|65|53|44|44|28|44|55|39|19|41
2017/10/3|15|43|12|50|53|62|58|50|53|32|47|74|60|49|49
2017/10/4|12|41|14|47|40|61|40|48|46|31|41|55|50|38|32
2017/10/5|14|38|12|46|42|50|37|56|40|23|38|61|33|18|34
2017/10/6|4|38|11|39|45|61|30|49|50|32|47|57|51|49|25
2017/10/7|12|44|16|51|57|92|55|47|49|53|52|68|60|22|49
2017/10/8|4|46|11|57|53|60|54|69|56|23|48|67|46|21|41
2017/10/9|6|40|11|44|38|65|31|46|36|33|36|52|31|0|32
2017/10/10|18|40|11|48|40|64|26|53|46|27|37|57|41|46|33
2017/10/11|22|41|11|46|40|58|29|58|41|48|39|59|43|75|39
2017/10/12|8|38|11|46|48|67|63|43|42|24|38|45|32|0|26
2017/10/13|7|37|10|39|39|42|38|44|47|33|40|55|46|20|25
2017/10/14|5|39|17|43|47|74|58|29|53|17|49|64|43|48|37
2017/10/15|19|42|16|49|48|55|57|57|60|24|47|66|43|44|38
2017/10/16|6|36|13|40|35|58|41|53|44|24|39|41|37|18|31
2017/10/17|8|37|9|39|36|61|49|46|43|17|36|47|32|0|46
2017/10/18|16|38|9|49|34|40|37|50|40|51|37|43|42|47|21
2017/10/19|12|36|14|46|35|40|38|44|35|28|33|44|44|56|33
2017/10/20|8|37|19|36|35|48|41|59|50|18|36|55|39|30|29
2017/10/21|7|42|18|39|49|63|51|58|60|28|46|61|60|90|32
2017/10/22|17|45|13|55|46|71|38|42|66|29|42|60|37|40|51
2017/10/23|10|40|16|42|36|50|39|60|53|23|37|54|28|62|27
2017/10/24|29|40|14|49|35|43|36|49|44|26|36|50|45|54|30
2017/10/25|14|39|15|53|36|51|32|39|46|20|36|51|30|64|30
2017/10/26|18|39|14|43|35|53|41|33|48|14|36|46|44|66|31
2017/10/27|15|38|14|36|36|63|38|32|54|25|36|50|34|39|29
2017/10/28|12|42|18|42|46|60|46|57|60|36|42|57|46|56|39
2017/10/29|23|43|11|42|43|58|46|77|54|39|42|61|45|49|38
2017/10/30|6|40|9|49|37|58|30|57|61|29|45|55|46|19|47
2017/10/31|24|41|11|47|37|53|36|52|43|26|40|57|37|60|46
2017/11/1|23|42|15|52|37|63|35|63|44|28|39|56|35|38|54
2017/11/2|16|42|15|55|37|50|42|82|44|37|35|47|27|18|36
2017/11/3|23|43|13|46|37|59|35|69|53|14|36|50|44|39|35
2017/11/4|24|44|12|54|48|69|39|78|43|44|48|65|45|22|52
2017/11/5|33|48|17|72|44|77|38|89|57|41|48|51|49|77|52
2017/11/6|14|42|10|44|37|44|29|100|41|10|35|48|32|36|42
2017/11/7|12|44|15|47|37|44|32|69|63|30|37|43|31|18|41
2017/11/8|26|44|16|48|39|51|20|70|51|13|39|42|28|18|46
2017/11/9|6|43|17|41|38|51|37|61|52|24|36|42|34|55|40
2017/11/10|6|43|17|41|39|45|26|62|61|14|36|46|33|38|52
2017/11/11|26|49|20|60|54|60|31|87|83|35|46|65|48|75|48
2017/11/12|12|53|21|54|48|58|44|80|78|39|49|53|39|38|59
2017/11/13|19|46|18|55|34|48|31|54|46|39|33|54|35|35|34
2017/11/14|13|46|16|41|35|42|26|87|47|20|33|43|29|62|34
2017/11/15|12|47|15|69|41|45|27|63|62|30|35|45|32|28|33
2017/11/16|10|46|19|53|38|45|30|75|46|17|34|47|34|19|41
2017/11/17|11|46|20|49|37|53|31|43|46|22|36|44|43|40|38
2017/11/18|24|51|28|51|62|67|53|74|61|65|50|63|52|55|43
2017/11/19|25|58|24|69|46|56|43|65|70|21|46|56|45|20|47
2017/11/20|27|68|19|42|39|46|21|77|56|33|46|45|40|35|30
2017/11/21|6|63|29|54|40|42|31|62|55|13|39|43|49|18|43
2017/11/22|18|61|35|54|55|46|33|57|59|27|48|57|48|74|47
2017/11/23|42|68|76|70|58|48|51|48|51|27|69|68|65|46|62
2017/11/24|100|100|100|100|94|70|61|86|82|31|100|95|100|28|100
2017/11/25|35|64|47|88|100|65|31|82|74|31|63|83|72|43|74
2017/11/26|25|65|45|75|66|71|47|83|76|25|60|72|59|0|61
2017/11/27|29|61|40|66|45|55|40|59|72|20|43|52|47|36|55
2017/11/28|20|51|36|45|41|41|34|71|68|30|43|49|32|55|49
2017/11/29|20|52|26|43|39|48|43|51|50|38|40|54|37|19|35
2017/11/30|21|51|22|58|46|37|25|79|55|14|39|52|34|38|41
2017/12/1|26|50|29|56|42|31|22|43|52|15|40|53|26|31|29
2017/12/2|15|55|24|49|51|53|35|74|80|34|51|65|45|35|43
2017/12/3|20|59|29|64|51|59|35|81|70|45|52|73|39|21|63
2017/12/4|35|55|25|58|42|50|27|79|43|43|37|47|25|27|35
2017/12/5|22|53|20|53|41|40|36|53|54|24|39|49|35|46|34
2017/12/6|22|54|31|57|41|50|34|45|50|21|37|41|39|28|40
2017/12/7|18|53|24|44|42|38|27|58|60|42|36|47|44|19|40
2017/12/8|21|53|26|51|41|41|25|61|70|29|41|43|45|49|35
2017/12/9|22|58|34|70|62|55|33|67|98|45|50|59|42|44|37
2017/12/10|34|61|31|57|52|45|35|90|77|36|50|52|28|20|65
2017/12/11|15|56|28|50|41|37|27|54|45|13|39|46|36|35|38
2017/12/12|19|58|22|51|41|34|25|59|53|13|37|41|43|55|39
2017/12/13|10|57|24|54|39|41|19|55|48|30|37|44|33|46|36
2017/12/14|22|58|29|51|42|46|23|56|48|52|36|42|49|19|45
2017/12/15|11|55|30|63|41|47|22|37|70|66|36|49|43|100|36
2017/12/16|7|58|35|63|90|44|26|49|60|82|48|48|38|45|50
2017/12/17|11|59|32|58|48|49|39|65|58|100|46|50|50|30|39
2017/12/18|22|57|20|52|37|41|30|47|55|60|35|49|43|46|36
2017/12/19|12|54|28|41|36|35|26|18|49|17|34|40|39|77|27
2017/12/20|4|49|28|51|35|27|18|29|41|18|33|38|34|0|27
2017/12/21|9|46|28|49|35|27|27|19|56|15|31|39|23|20|39
2017/12/22|17|40|28|42|39|37|20|13|56|8|33|38|44|44|34
2017/12/23|16|37|29|38|37|37|29|13|58|13|34|43|32|49|29
2017/12/24|29|39|28|34|42|38|33|11|80|40|42|44|41|0|27
2017/12/25|13|49|17|54|50|41|33|30|86|0|44|51|56|49|33
2017/12/26|7|48|31|56|49|66|43|25|67|30|44|49|53|23|38
2017/12/27|24|48|23|59|42|66|28|27|65|29|41|55|58|0|35
2017/12/28|9|46|22|57|43|66|32|32|50|22|44|62|48|20|44
2017/12/29|11|45|19|53|47|55|33|34|56|16|40|62|54|22|35
2017/12/30|7|41|25|51|46|68|31|17|49|16|40|52|51|23|35
2017/12/31|22|32|26|30|33|47|26|18|43|47|30|37|42|0|21
2018/1/1|12|38|18|51|39|66|26|28|52|41|33|40|49|46|42
2018/1/2|14|42|16|58|43|61|44|25|41|17|36|55|45|18|45
2018/1/3|15|41|14|44|40|64|38|27|68|16|37|52|44|35|26
2018/1/4|19|42|14|50|41|67|28|35|48|13|39|47|54|18|31
2018/1/5|10|40|18|38|40|65|38|39|56|10|38|51|37|19|32
2018/1/6|13|41|21|59|48|77|47|41|58|19|42|56|46|0|31
2018/1/7|6|41|18|52|45|64|38|44|44|18|42|54|57|58|55
2018/1/8|19|38|12|40|38|60|32|46|72|19|38|40|45|17|33
2018/1/9|12|38|12|41|40|52|30|44|50|13|37|48|49|72|36
2018/1/10|19|41|11|56|44|56|29|29|53|26|37|47|53|53|32
2018/1/11|10|39|15|48|45|43|39|47|44|16|35|59|42|18|37
2018/1/12|8|37|13|54|47|57|44|39|56|24|36|61|49|56|33
2018/1/13|11|42|17|71|56|77|34|38|71|23|47|73|55|20|33
2018/1/14|25|43|14|63|55|75|54|60|52|35|44|62|67|29|51
2018/1/15|13|38|12|50|43|48|33|37|45|22|41|44|37|34|34
2018/1/16|8|38|16|46|50|67|35|46|65|26|37|54|43|18|32
2018/1/17|11|38|10|64|43|56|43|44|62|23|38|52|37|18|45
2018/1/18|13|35|12|42|41|67|46|21|44|28|34|52|34|0|24
2018/1/19|12|36|8|50|42|50|33|33|56|14|42|60|51|19|36
2018/1/20|13|41|13|56|52|76|54|44|63|34|49|88|68|41|39
2018/1/21|12|42|10|61|53|56|51|52|59|10|49|65|63|38|51
2018/1/22|9|37|13|42|35|47|32|27|63|28|38|51|45|26|38
2018/1/23|20|37|11|42|38|56|33|41|65|22|40|53|50|17|29
2018/1/24|12|38|11|48|42|62|53|21|40|19|41|59|45|0|30
2018/1/25|15|37|13|35|42|52|37|38|50|16|40|58|43|36|33
2018/1/26|20|36|19|47|42|39|33|42|45|31|40|69|43|19|32
2018/1/27|23|40|12|42|55|85|57|36|57|12|52|88|58|42|40
2018/1/28|27|42|14|61|60|88|71|74|55|14|50|78|60|19|31
2018/1/29|17|37|10|52|47|51|47|51|43|22|38|61|39|34|35
2018/1/30|17|39|10|59|51|61|51|37|65|13|40|63|49|18|40
2018/1/31|10|39|21|55|47|55|39|27|54|16|41|60|42|18|38
2018/2/1|21|38|18|39|45|49|35|41|66|16|45|62|40|36|45
2018/2/2|26|38|17|40|47|55|37|38|38|24|41|67|63|37|21
2018/2/3|16|41|16|40|54|62|61|49|70|26|52|88|63|31|54
2018/2/4|16|41|14|42|51|59|42|43|42|35|48|66|46|19|54
2018/2/5|4|38|20|47|38|51|27|42|61|13|35|46|41|44|50
2018/2/6|10|38|17|41|38|52|31|42|54|23|36|52|42|27|40
2018/2/7|24|39|22|45|43|47|45|40|53|13|41|56|48|64|37
2018/2/8|18|37|19|46|38|49|36|26|46|17|38|55|30|29|33
2018/2/9|15|35|14|44|41|47|37|32|76|18|39|62|44|58|41
2018/2/10|16|37|17|48|51|60|61|32|87|16|47|76|45|32|44
2018/2/11|34|38|16|48|50|60|62|26|66|22|49|63|43|0|38
2018/2/12|12|35|12|40|40|62|36|32|55|13|37|61|39|27|39
2018/2/13|12|34|8|31|41|53|45|41|56|20|37|48|47|36|28
2018/2/14|8|34|11|34|40|45|46|38|52|23|37|51|22|37|41
2018/2/15|19|34|8|49|39|51|39|32|59|30|36|53|49|36|37
2018/2/16|14|32|9|30|43|70|50|35|49|14|38|60|49|0|49
2018/2/17|23|37|14|57|57|53|61|51|100|42|51|73|60|0|46
2018/2/18|11|38|16|53|54|61|60|61|65|22|51|76|66|30|43
2018/2/19|17|33|13|47|40|48|38|33|51|16|41|59|44|35|34
2018/2/20|11|34|11|43|42|56|40|29|49|26|39|56|40|44|30
2018/2/21|6|34|11|29|43|45|37|41|54|27|42|63|33|27|41
2018/2/22|16|34|11|40|43|56|32|46|45|40|42|68|56|0|35
2018/2/23|16|33|11|39|46|58|54|51|62|10|40|72|44|38|41
2018/2/24|11|36|14|51|57|57|60|30|100|58|52|76|42|63|55
2018/2/25|29|38|19|39|51|61|66|45|79|11|51|70|57|29|47
2018/2/26|24|34|11|54|36|37|44|33|65|22|38|52|42|43|33
2018/2/27|12|37|7|46|42|54|42|42|79|20|40|53|43|36|33
2018/2/28|12|37|11|49|41|53|32|36|83|7|42|56|48|36|33
