[1] "Prediction Error: 5.82296"
BestTune:
  alpha lambda    RMSE  Rsquared    RMSESD RsquaredSD
1     0      0 1.11586 0.1551623 0.1469514 0.02573727
ResultsTune:
   alpha    lambda     RMSE  Rsquared    RMSESD RsquaredSD
1      0 0.0000000 1.115860 0.1551623 0.1469514 0.02573727
2      0 0.5714286 1.124927 0.1519071 0.1560729 0.02497997
3      0 1.1428571 1.136361 0.1491812 0.1603405 0.02421726
4      0 1.7142857 1.145797 0.1468105 0.1625951 0.02362876
5      0 2.2857143 1.153299 0.1448131 0.1639595 0.02317091
6      0 2.8571429 1.159311 0.1431332 0.1648689 0.02280134
7      0 3.4285714 1.164215 0.1417157 0.1654962 0.02251182
8      0 4.0000000 1.168283 0.1405067 0.1659405 0.02228195
9      0 4.5714286 1.171703 0.1394659 0.1663015 0.02207529
10     0 5.1428571 1.174623 0.1385601 0.1665646 0.02191167
11     0 5.7142857 1.177140 0.1377667 0.1667737 0.02177175
12     0 6.2857143 1.179332 0.1370659 0.1669474 0.02164845
13     0 6.8571429 1.181259 0.1364424 0.1670936 0.02153906
14     0 7.4285714 1.182964 0.1358845 0.1672192 0.02144057
15     0 8.0000000 1.184485 0.1353829 0.1673253 0.02135390
