[1] "Prediction Error: 5.02085"
BestTune:
  alpha lambda      RMSE   Rsquared    RMSESD RsquaredSD
1     0      0 0.8078421 0.08647718 0.1189104  0.0230394
ResultsTune:
   alpha    lambda      RMSE   Rsquared    RMSESD RsquaredSD
1      0 0.0000000 0.8078421 0.08647718 0.1189104 0.02303940
2      0 0.5714286 0.8141139 0.08300203 0.1211823 0.02217484
3      0 1.1428571 0.8199027 0.07950045 0.1215703 0.02109802
4      0 1.7142857 0.8238502 0.07667350 0.1216463 0.02026867
5      0 2.2857143 0.8266674 0.07438513 0.1216397 0.01963640
6      0 2.8571429 0.8287725 0.07250077 0.1216068 0.01914134
7      0 3.4285714 0.8304018 0.07092540 0.1215689 0.01873918
8      0 4.0000000 0.8317000 0.06958909 0.1215321 0.01840610
9      0 4.5714286 0.8327654 0.06843176 0.1214941 0.01813015
10     0 5.1428571 0.8336491 0.06742964 0.1214612 0.01789351
11     0 5.7142857 0.8343982 0.06654604 0.1214312 0.01768644
12     0 6.2857143 0.8350415 0.06576159 0.1214033 0.01750654
13     0 6.8571429 0.8355998 0.06506105 0.1213776 0.01734898
14     0 7.4285714 0.8360898 0.06442967 0.1213537 0.01720986
15     0 8.0000000 0.8365230 0.06385791 0.1213321 0.01708222
