[1] "Prediction Error: 0.33899"
BestTune:
  alpha lambda      RMSE   Rsquared     RMSESD RsquaredSD
1     0      0 0.4538043 0.06173962 0.07987955 0.01151034
ResultsTune:
   alpha    lambda      RMSE   Rsquared     RMSESD  RsquaredSD
1      0 0.0000000 0.4538043 0.06173962 0.07987955 0.011510338
2      0 0.5714286 0.4578596 0.05417524 0.08085715 0.010379620
3      0 1.1428571 0.4602111 0.05110287 0.08092649 0.009905707
4      0 1.7142857 0.4616586 0.04925648 0.08092224 0.009639776
5      0 2.2857143 0.4626419 0.04801826 0.08090434 0.009467051
6      0 2.8571429 0.4633560 0.04712673 0.08088476 0.009345166
7      0 3.4285714 0.4638965 0.04645976 0.08086661 0.009256680
8      0 4.0000000 0.4643199 0.04594230 0.08085004 0.009190385
9      0 4.5714286 0.4646642 0.04552105 0.08083557 0.009135446
10     0 5.1428571 0.4649463 0.04517931 0.08082221 0.009093328
11     0 5.7142857 0.4651824 0.04489532 0.08081151 0.009057788
12     0 6.2857143 0.4653837 0.04465341 0.08080181 0.009027600
13     0 6.8571429 0.4655575 0.04444465 0.08079291 0.009001961
14     0 7.4285714 0.4657091 0.04426285 0.08078494 0.008979342
15     0 8.0000000 0.4658417 0.04410475 0.08077854 0.008959310
