[1] "Prediction Error: 2.64681"
BestTune:
  alpha lambda     RMSE  Rsquared    RMSESD RsquaredSD
1     0      0 2.474205 0.2036012 0.6522704 0.05879691
ResultsTune:
   alpha    lambda     RMSE  Rsquared    RMSESD RsquaredSD
1      0 0.0000000 2.474205 0.2036012 0.6522704 0.05879691
2      0 0.5714286 2.480455 0.2019356 0.6570419 0.05854508
3      0 1.1428571 2.491545 0.2008562 0.6600061 0.05841310
4      0 1.7142857 2.504239 0.1998928 0.6613294 0.05825793
5      0 2.2857143 2.516996 0.1989961 0.6617473 0.05808873
6      0 2.8571429 2.529175 0.1981612 0.6616482 0.05791568
7      0 3.4285714 2.540548 0.1973861 0.6612715 0.05774480
8      0 4.0000000 2.551049 0.1966692 0.6607553 0.05758007
9      0 4.5714286 2.560695 0.1960056 0.6601213 0.05742277
10     0 5.1428571 2.569545 0.1953930 0.6594850 0.05727425
11     0 5.7142857 2.577694 0.1948221 0.6588203 0.05713267
12     0 6.2857143 2.585183 0.1942929 0.6581552 0.05699930
13     0 6.8571429 2.592075 0.1938018 0.6575053 0.05687429
14     0 7.4285714 2.598436 0.1933445 0.6568665 0.05675629
15     0 8.0000000 2.604346 0.1929145 0.6562388 0.05664387
