[1] "Prediction Error: 1.66905"
BestTune:
  alpha lambda     RMSE  Rsquared    RMSESD RsquaredSD
1     0      0 1.883198 0.1436269 0.3462827 0.02703221
ResultsTune:
   alpha    lambda     RMSE  Rsquared    RMSESD RsquaredSD
1      0 0.0000000 1.883198 0.1436269 0.3462827 0.02703221
2      0 0.5714286 1.890972 0.1396650 0.3505897 0.02613237
3      0 1.1428571 1.900004 0.1375449 0.3526900 0.02545433
4      0 1.7142857 1.908949 0.1356783 0.3537221 0.02486476
5      0 2.2857143 1.917148 0.1339852 0.3542325 0.02434938
6      0 2.8571429 1.924480 0.1324442 0.3544601 0.02389588
7      0 3.4285714 1.930995 0.1310391 0.3545420 0.02349408
8      0 4.0000000 1.936778 0.1297584 0.3545462 0.02313677
9      0 4.5714286 1.941937 0.1285849 0.3544785 0.02281603
10     0 5.1428571 1.946545 0.1275126 0.3544015 0.02252807
11     0 5.7142857 1.950703 0.1265205 0.3542995 0.02226577
12     0 6.2857143 1.954456 0.1256103 0.3541867 0.02202830
13     0 6.8571429 1.957862 0.1247678 0.3540697 0.02181125
14     0 7.4285714 1.960967 0.1239826 0.3539477 0.02161161
15     0 8.0000000 1.963822 0.1232457 0.3538216 0.02142607
