BestTune:
  size decay      RMSE    Rsquared     RMSESD  RsquaredSD
1    8 1e-06 0.2033479 0.002911361 0.03596343 0.006046241
TuneResults:
  size decay      RMSE    Rsquared     RMSESD  RsquaredSD
1    1 1e-06 0.2036663 0.001050827 0.03592518 0.001047250
2    2 1e-06 0.2036078 0.001133243 0.03595755 0.001866260
3    3 1e-06 0.2034809 0.001671574 0.03588138 0.004022478
4    4 1e-06 0.2034806 0.001316840 0.03595960 0.003695489
5    5 1e-06 0.2033650 0.002554751 0.03588502 0.005404513
6    6 1e-06 0.2034015 0.001916791 0.03583608 0.004876156
7    7 1e-06 0.2033963 0.002219800 0.03595086 0.005117618
8    8 1e-06 0.2033479 0.002911361 0.03596343 0.006046241
