BestTune:
  size decay      RMSE   Rsquared     RMSESD RsquaredSD
1    5   0.6 0.2011751 0.01993404 0.03300634 0.01198597
TuneResults:
   size decay      RMSE   Rsquared     RMSESD  RsquaredSD
1     4   0.6 0.2011932 0.01870128 0.03314468 0.009651552
2     4   0.7 0.2012865 0.01793480 0.03306415 0.010260853
3     5   0.6 0.2011751 0.01993404 0.03300634 0.011985972
4     5   0.7 0.2012109 0.01897023 0.03290632 0.010345133
5     6   0.6 0.2012045 0.01901625 0.03313370 0.010779385
6     6   0.7 0.2011783 0.01950306 0.03288321 0.012143859
7     7   0.6 0.2014050 0.01762905 0.03290911 0.010780744
8     7   0.7 0.2013929 0.01779043 0.03295138 0.012144163
9     8   0.6 0.2014210 0.01710928 0.03313716 0.010869530
10    8   0.7 0.2012680 0.01879547 0.03306016 0.011050418
