[1] "Prediction Error: 4.97325"
BestTune:
  eta max_depth gamma colsample_bytree min_child_weight subsample nrounds
1 0.3         3     0                1                1      0.75     150
       RMSE  Rsquared       MAE     RMSESD RsquaredSD      MAESD
1 0.7744603 0.1784146 0.2641621 0.09204884 0.06313288 0.00775417
TuneResults:
    eta max_depth gamma colsample_bytree min_child_weight subsample nrounds
1   0.3         1     0              0.8                1      0.50      50
4   0.3         1     0              0.8                1      0.60      50
7   0.3         1     0              0.8                1      0.75      50
10  0.3         1     0              1.0                1      0.50      50
13  0.3         1     0              1.0                1      0.60      50
16  0.3         1     0              1.0                1      0.75      50
55  0.4         1     0              0.8                1      0.50      50
58  0.4         1     0              0.8                1      0.60      50
61  0.4         1     0              0.8                1      0.75      50
64  0.4         1     0              1.0                1      0.50      50
67  0.4         1     0              1.0                1      0.60      50
70  0.4         1     0              1.0                1      0.75      50
19  0.3         2     0              0.8                1      0.50      50
22  0.3         2     0              0.8                1      0.60      50
25  0.3         2     0              0.8                1      0.75      50
28  0.3         2     0              1.0                1      0.50      50
31  0.3         2     0              1.0                1      0.60      50
34  0.3         2     0              1.0                1      0.75      50
73  0.4         2     0              0.8                1      0.50      50
76  0.4         2     0              0.8                1      0.60      50
79  0.4         2     0              0.8                1      0.75      50
82  0.4         2     0              1.0                1      0.50      50
85  0.4         2     0              1.0                1      0.60      50
88  0.4         2     0              1.0                1      0.75      50
37  0.3         3     0              0.8                1      0.50      50
40  0.3         3     0              0.8                1      0.60      50
43  0.3         3     0              0.8                1      0.75      50
46  0.3         3     0              1.0                1      0.50      50
49  0.3         3     0              1.0                1      0.60      50
52  0.3         3     0              1.0                1      0.75      50
91  0.4         3     0              0.8                1      0.50      50
94  0.4         3     0              0.8                1      0.60      50
97  0.4         3     0              0.8                1      0.75      50
100 0.4         3     0              1.0                1      0.50      50
103 0.4         3     0              1.0                1      0.60      50
106 0.4         3     0              1.0                1      0.75      50
2   0.3         1     0              0.8                1      0.50     100
5   0.3         1     0              0.8                1      0.60     100
8   0.3         1     0              0.8                1      0.75     100
11  0.3         1     0              1.0                1      0.50     100
14  0.3         1     0              1.0                1      0.60     100
17  0.3         1     0              1.0                1      0.75     100
56  0.4         1     0              0.8                1      0.50     100
59  0.4         1     0              0.8                1      0.60     100
62  0.4         1     0              0.8                1      0.75     100
65  0.4         1     0              1.0                1      0.50     100
68  0.4         1     0              1.0                1      0.60     100
71  0.4         1     0              1.0                1      0.75     100
20  0.3         2     0              0.8                1      0.50     100
23  0.3         2     0              0.8                1      0.60     100
26  0.3         2     0              0.8                1      0.75     100
29  0.3         2     0              1.0                1      0.50     100
32  0.3         2     0              1.0                1      0.60     100
35  0.3         2     0              1.0                1      0.75     100
74  0.4         2     0              0.8                1      0.50     100
77  0.4         2     0              0.8                1      0.60     100
80  0.4         2     0              0.8                1      0.75     100
83  0.4         2     0              1.0                1      0.50     100
86  0.4         2     0              1.0                1      0.60     100
89  0.4         2     0              1.0                1      0.75     100
38  0.3         3     0              0.8                1      0.50     100
41  0.3         3     0              0.8                1      0.60     100
44  0.3         3     0              0.8                1      0.75     100
47  0.3         3     0              1.0                1      0.50     100
50  0.3         3     0              1.0                1      0.60     100
53  0.3         3     0              1.0                1      0.75     100
92  0.4         3     0              0.8                1      0.50     100
95  0.4         3     0              0.8                1      0.60     100
98  0.4         3     0              0.8                1      0.75     100
101 0.4         3     0              1.0                1      0.50     100
104 0.4         3     0              1.0                1      0.60     100
107 0.4         3     0              1.0                1      0.75     100
3   0.3         1     0              0.8                1      0.50     150
6   0.3         1     0              0.8                1      0.60     150
9   0.3         1     0              0.8                1      0.75     150
12  0.3         1     0              1.0                1      0.50     150
15  0.3         1     0              1.0                1      0.60     150
18  0.3         1     0              1.0                1      0.75     150
57  0.4         1     0              0.8                1      0.50     150
60  0.4         1     0              0.8                1      0.60     150
63  0.4         1     0              0.8                1      0.75     150
66  0.4         1     0              1.0                1      0.50     150
69  0.4         1     0              1.0                1      0.60     150
72  0.4         1     0              1.0                1      0.75     150
21  0.3         2     0              0.8                1      0.50     150
24  0.3         2     0              0.8                1      0.60     150
27  0.3         2     0              0.8                1      0.75     150
30  0.3         2     0              1.0                1      0.50     150
33  0.3         2     0              1.0                1      0.60     150
36  0.3         2     0              1.0                1      0.75     150
75  0.4         2     0              0.8                1      0.50     150
78  0.4         2     0              0.8                1      0.60     150
81  0.4         2     0              0.8                1      0.75     150
84  0.4         2     0              1.0                1      0.50     150
87  0.4         2     0              1.0                1      0.60     150
90  0.4         2     0              1.0                1      0.75     150
39  0.3         3     0              0.8                1      0.50     150
42  0.3         3     0              0.8                1      0.60     150
45  0.3         3     0              0.8                1      0.75     150
48  0.3         3     0              1.0                1      0.50     150
51  0.3         3     0              1.0                1      0.60     150
54  0.3         3     0              1.0                1      0.75     150
93  0.4         3     0              0.8                1      0.50     150
96  0.4         3     0              0.8                1      0.60     150
99  0.4         3     0              0.8                1      0.75     150
102 0.4         3     0              1.0                1      0.50     150
105 0.4         3     0              1.0                1      0.60     150
108 0.4         3     0              1.0                1      0.75     150
         RMSE   Rsquared       MAE     RMSESD RsquaredSD       MAESD
1   0.8111972 0.09522094 0.2937365 0.08070360 0.02130986 0.007078393
4   0.8114203 0.09528673 0.2932837 0.07943186 0.01792596 0.007078627
7   0.8117269 0.09632134 0.2940724 0.07978616 0.01843746 0.007152503
10  0.8118789 0.09362895 0.2930231 0.07952798 0.01757925 0.007131645
13  0.8122009 0.09275825 0.2931027 0.07963767 0.01600894 0.007038062
16  0.8122338 0.09439608 0.2939319 0.07991617 0.01800257 0.007217284
55  0.8080055 0.09872587 0.2891444 0.08005709 0.01892076 0.007556870
58  0.8061101 0.10521503 0.2892401 0.08171911 0.02258195 0.007065455
61  0.8073916 0.10200533 0.2900832 0.08011524 0.02027895 0.007511664
64  0.8063904 0.10338381 0.2888246 0.08113157 0.02156989 0.007636429
67  0.8065708 0.10337990 0.2896254 0.08055980 0.02181316 0.006710383
70  0.8073088 0.10284688 0.2901577 0.08045715 0.02068545 0.007086078
19  0.7980758 0.12020297 0.2820915 0.08023556 0.02428559 0.006971752
22  0.7968424 0.12436231 0.2818562 0.08403969 0.03244334 0.008057018
25  0.7976601 0.12228423 0.2827427 0.08268365 0.03004047 0.008058210
28  0.7931937 0.13139045 0.2812534 0.08264311 0.02901365 0.007593794
31  0.7970485 0.12235308 0.2821038 0.08101326 0.03100549 0.007589744
34  0.7974033 0.12185084 0.2819075 0.08287743 0.02883199 0.008033851
73  0.8003260 0.11516809 0.2804114 0.08127012 0.02673446 0.007834884
76  0.7952608 0.12581067 0.2792456 0.08363751 0.03019125 0.007609985
79  0.7939526 0.12998376 0.2790282 0.08246772 0.03103169 0.007469727
82  0.7959861 0.12657248 0.2792985 0.08374578 0.03780963 0.008161077
85  0.7967232 0.12533302 0.2791329 0.08142492 0.03736339 0.006747041
88  0.7947326 0.12973567 0.2797733 0.08467369 0.03861874 0.007535258
37  0.7844271 0.15274826 0.2749672 0.08755254 0.04963399 0.007631600
40  0.7873731 0.14783429 0.2749537 0.09189463 0.05612130 0.008934481
43  0.7885055 0.14381280 0.2756622 0.08587211 0.04972274 0.008277159
46  0.7892476 0.14424491 0.2754800 0.09132011 0.05082839 0.007472804
49  0.7858692 0.15025102 0.2752105 0.08958023 0.05529790 0.008589871
52  0.7870536 0.14646174 0.2749629 0.08728483 0.04459106 0.007754365
91  0.7878665 0.15127664 0.2726428 0.08900435 0.06089393 0.008958692
94  0.7816414 0.16288640 0.2723167 0.09171299 0.06547259 0.008798178
97  0.7878261 0.14743583 0.2723960 0.08685594 0.05088243 0.008559492
100 0.7917681 0.14237503 0.2730430 0.09352158 0.05334496 0.007649706
103 0.7831847 0.15947068 0.2707972 0.08665301 0.05754313 0.009092624
106 0.7857431 0.15178345 0.2723337 0.08950255 0.05058720 0.008184381
2   0.8027806 0.10953995 0.2853903 0.08064151 0.02346625 0.007310420
5   0.8018748 0.11238639 0.2854416 0.08066119 0.02586430 0.006813392
8   0.8026858 0.11111813 0.2855650 0.08040659 0.02219104 0.007359655
11  0.8024987 0.11047017 0.2851500 0.08019531 0.02379097 0.007849250
14  0.8033819 0.10875978 0.2852314 0.08114572 0.02336669 0.007075316
17  0.8027707 0.11060973 0.2856665 0.08003071 0.02324398 0.007206248
56  0.8011217 0.11253072 0.2824218 0.08104512 0.02647280 0.007093055
59  0.7999256 0.11636498 0.2823499 0.08177141 0.02864737 0.006797736
62  0.7991109 0.11777462 0.2825601 0.08005302 0.02527984 0.007080611
65  0.7996650 0.11631060 0.2823873 0.08227257 0.02847270 0.007570830
68  0.7993777 0.11742115 0.2825523 0.07966384 0.02565585 0.007461945
71  0.7991629 0.11791749 0.2824112 0.08026845 0.02473999 0.006655877
20  0.7889946 0.14264310 0.2745725 0.08241839 0.03861982 0.008069046
23  0.7885243 0.14352915 0.2753323 0.08643552 0.04338804 0.007218328
26  0.7903083 0.13984939 0.2758001 0.08422977 0.04366648 0.007763927
29  0.7833993 0.15436027 0.2740500 0.08715299 0.04194925 0.007536147
32  0.7856833 0.14933831 0.2737693 0.08309178 0.04409021 0.007999665
35  0.7892175 0.14092761 0.2751691 0.08387015 0.03896652 0.007397466
74  0.7946467 0.13389965 0.2733912 0.08624751 0.04100547 0.006575038
77  0.7849627 0.15374465 0.2724372 0.09003321 0.05318725 0.008078025
80  0.7859181 0.14957502 0.2725070 0.08413947 0.04659540 0.008040513
83  0.7955877 0.13723473 0.2733936 0.08731066 0.05093577 0.008224831
86  0.7881689 0.14784299 0.2727884 0.08347800 0.04981083 0.007261417
89  0.7877583 0.15158503 0.2729312 0.08782031 0.05518736 0.007763050
38  0.7770793 0.17117068 0.2681988 0.09508579 0.06698331 0.007793883
41  0.7788159 0.16903261 0.2683823 0.09575362 0.06775173 0.008112969
44  0.7821064 0.16118286 0.2683197 0.08942950 0.05451099 0.008587397
47  0.7829401 0.16504511 0.2680336 0.10117156 0.06209812 0.007567159
50  0.7810496 0.16468377 0.2675820 0.09371502 0.05593462 0.008301594
53  0.7786470 0.16831404 0.2675858 0.08874294 0.05779083 0.007354861
92  0.7821473 0.16402677 0.2660532 0.08925868 0.06788631 0.009162272
95  0.7755465 0.17965633 0.2659611 0.09740856 0.07850224 0.008833346
98  0.7860948 0.15396349 0.2661438 0.08998183 0.05375143 0.008395756
101 0.7951244 0.14747758 0.2681233 0.09820061 0.05906455 0.008094343
104 0.7774370 0.17654185 0.2647598 0.09249258 0.07457694 0.009002843
107 0.7806262 0.16408812 0.2661172 0.08856764 0.05347298 0.007844197
3   0.7984336 0.11935831 0.2819345 0.08119399 0.03000020 0.007513426
6   0.7982458 0.11975403 0.2813927 0.08040703 0.02783980 0.006528004
9   0.7976837 0.12075655 0.2816785 0.07978467 0.02447573 0.007475690
12  0.7991484 0.11824977 0.2811914 0.07982953 0.02943828 0.007668968
15  0.7988343 0.11855063 0.2814050 0.08147268 0.02751875 0.007464755
18  0.7978980 0.12120971 0.2815938 0.07979651 0.02658730 0.007294283
57  0.7972039 0.12160403 0.2787698 0.08068651 0.02895378 0.007408002
60  0.7956845 0.12718799 0.2786017 0.08109250 0.03062212 0.007623998
63  0.7943546 0.12841803 0.2793818 0.08040076 0.03012938 0.007033763
66  0.7975317 0.12337913 0.2787484 0.08074663 0.03358462 0.006954619
69  0.7935176 0.13100741 0.2786169 0.08139497 0.03441695 0.007145933
72  0.7942721 0.12863069 0.2785120 0.08044013 0.03001882 0.007208000
21  0.7877049 0.14845697 0.2715684 0.08468094 0.04359155 0.007164288
24  0.7832780 0.15715472 0.2714473 0.08766059 0.05101481 0.007280127
27  0.7855196 0.15146705 0.2720631 0.08538820 0.04909151 0.008089126
30  0.7779202 0.16887926 0.2699493 0.08990593 0.05219945 0.007729218
33  0.7842409 0.15725945 0.2708383 0.08634205 0.04992826 0.007698495
36  0.7822130 0.15795133 0.2709370 0.08549780 0.04801752 0.007674469
75  0.7941299 0.14318186 0.2704603 0.09075683 0.04959626 0.007567202
78  0.7840013 0.16117434 0.2690940 0.09474455 0.06506090 0.008952136
81  0.7821194 0.15929511 0.2696639 0.08721708 0.05896926 0.008805161
84  0.7954405 0.14392293 0.2705494 0.09037538 0.05896085 0.008496048
87  0.7853853 0.15650539 0.2700392 0.08646457 0.05364485 0.007118071
90  0.7853798 0.16166134 0.2694005 0.09276969 0.06122788 0.008008818
39  0.7767491 0.17541540 0.2650475 0.09255388 0.07008269 0.008520981
42  0.7796634 0.17036385 0.2653127 0.09555441 0.07304375 0.009686245
45  0.7792338 0.16939203 0.2646662 0.09062124 0.05995376 0.008733366
48  0.7755583 0.17960096 0.2646437 0.09857162 0.07826969 0.007929356
51  0.7789674 0.16818852 0.2644598 0.09331556 0.05498346 0.008519193
54  0.7744603 0.17841464 0.2641621 0.09204884 0.06313288 0.007754170
93  0.7819555 0.16817952 0.2628099 0.08974212 0.06892452 0.010351093
96  0.7775855 0.17920765 0.2621966 0.09609226 0.07544551 0.008695421
99  0.7807114 0.16504284 0.2628410 0.09022763 0.06000464 0.008786017
102 0.7971723 0.14980906 0.2654073 0.10064514 0.06389988 0.009513622
105 0.7753235 0.18152442 0.2620639 0.09465246 0.08404619 0.009931831
108 0.7780656 0.17121291 0.2631331 0.09235051 0.06559431 0.008352831
