[1] "Prediction Error: 4.94463"
BestTune:
  eta max_depth gamma colsample_bytree min_child_weight subsample nrounds
1 0.3         3     0                1                1       0.5     150
       RMSE  Rsquared       MAE     RMSESD RsquaredSD       MAESD
1 0.7734088 0.1857158 0.2643985 0.09434743 0.07368419 0.008949648
TuneResults:
    eta max_depth gamma colsample_bytree min_child_weight subsample nrounds
1   0.3         1     0              0.8                1      0.50      50
4   0.3         1     0              0.8                1      0.60      50
7   0.3         1     0              0.8                1      0.75      50
10  0.3         1     0              1.0                1      0.50      50
13  0.3         1     0              1.0                1      0.60      50
16  0.3         1     0              1.0                1      0.75      50
55  0.4         1     0              0.8                1      0.50      50
58  0.4         1     0              0.8                1      0.60      50
61  0.4         1     0              0.8                1      0.75      50
64  0.4         1     0              1.0                1      0.50      50
67  0.4         1     0              1.0                1      0.60      50
70  0.4         1     0              1.0                1      0.75      50
19  0.3         2     0              0.8                1      0.50      50
22  0.3         2     0              0.8                1      0.60      50
25  0.3         2     0              0.8                1      0.75      50
28  0.3         2     0              1.0                1      0.50      50
31  0.3         2     0              1.0                1      0.60      50
34  0.3         2     0              1.0                1      0.75      50
73  0.4         2     0              0.8                1      0.50      50
76  0.4         2     0              0.8                1      0.60      50
79  0.4         2     0              0.8                1      0.75      50
82  0.4         2     0              1.0                1      0.50      50
85  0.4         2     0              1.0                1      0.60      50
88  0.4         2     0              1.0                1      0.75      50
37  0.3         3     0              0.8                1      0.50      50
40  0.3         3     0              0.8                1      0.60      50
43  0.3         3     0              0.8                1      0.75      50
46  0.3         3     0              1.0                1      0.50      50
49  0.3         3     0              1.0                1      0.60      50
52  0.3         3     0              1.0                1      0.75      50
91  0.4         3     0              0.8                1      0.50      50
94  0.4         3     0              0.8                1      0.60      50
97  0.4         3     0              0.8                1      0.75      50
100 0.4         3     0              1.0                1      0.50      50
103 0.4         3     0              1.0                1      0.60      50
106 0.4         3     0              1.0                1      0.75      50
2   0.3         1     0              0.8                1      0.50     100
5   0.3         1     0              0.8                1      0.60     100
8   0.3         1     0              0.8                1      0.75     100
11  0.3         1     0              1.0                1      0.50     100
14  0.3         1     0              1.0                1      0.60     100
17  0.3         1     0              1.0                1      0.75     100
56  0.4         1     0              0.8                1      0.50     100
59  0.4         1     0              0.8                1      0.60     100
62  0.4         1     0              0.8                1      0.75     100
65  0.4         1     0              1.0                1      0.50     100
68  0.4         1     0              1.0                1      0.60     100
71  0.4         1     0              1.0                1      0.75     100
20  0.3         2     0              0.8                1      0.50     100
23  0.3         2     0              0.8                1      0.60     100
26  0.3         2     0              0.8                1      0.75     100
29  0.3         2     0              1.0                1      0.50     100
32  0.3         2     0              1.0                1      0.60     100
35  0.3         2     0              1.0                1      0.75     100
74  0.4         2     0              0.8                1      0.50     100
77  0.4         2     0              0.8                1      0.60     100
80  0.4         2     0              0.8                1      0.75     100
83  0.4         2     0              1.0                1      0.50     100
86  0.4         2     0              1.0                1      0.60     100
89  0.4         2     0              1.0                1      0.75     100
38  0.3         3     0              0.8                1      0.50     100
41  0.3         3     0              0.8                1      0.60     100
44  0.3         3     0              0.8                1      0.75     100
47  0.3         3     0              1.0                1      0.50     100
50  0.3         3     0              1.0                1      0.60     100
53  0.3         3     0              1.0                1      0.75     100
92  0.4         3     0              0.8                1      0.50     100
95  0.4         3     0              0.8                1      0.60     100
98  0.4         3     0              0.8                1      0.75     100
101 0.4         3     0              1.0                1      0.50     100
104 0.4         3     0              1.0                1      0.60     100
107 0.4         3     0              1.0                1      0.75     100
3   0.3         1     0              0.8                1      0.50     150
6   0.3         1     0              0.8                1      0.60     150
9   0.3         1     0              0.8                1      0.75     150
12  0.3         1     0              1.0                1      0.50     150
15  0.3         1     0              1.0                1      0.60     150
18  0.3         1     0              1.0                1      0.75     150
57  0.4         1     0              0.8                1      0.50     150
60  0.4         1     0              0.8                1      0.60     150
63  0.4         1     0              0.8                1      0.75     150
66  0.4         1     0              1.0                1      0.50     150
69  0.4         1     0              1.0                1      0.60     150
72  0.4         1     0              1.0                1      0.75     150
21  0.3         2     0              0.8                1      0.50     150
24  0.3         2     0              0.8                1      0.60     150
27  0.3         2     0              0.8                1      0.75     150
30  0.3         2     0              1.0                1      0.50     150
33  0.3         2     0              1.0                1      0.60     150
36  0.3         2     0              1.0                1      0.75     150
75  0.4         2     0              0.8                1      0.50     150
78  0.4         2     0              0.8                1      0.60     150
81  0.4         2     0              0.8                1      0.75     150
84  0.4         2     0              1.0                1      0.50     150
87  0.4         2     0              1.0                1      0.60     150
90  0.4         2     0              1.0                1      0.75     150
39  0.3         3     0              0.8                1      0.50     150
42  0.3         3     0              0.8                1      0.60     150
45  0.3         3     0              0.8                1      0.75     150
48  0.3         3     0              1.0                1      0.50     150
51  0.3         3     0              1.0                1      0.60     150
54  0.3         3     0              1.0                1      0.75     150
93  0.4         3     0              0.8                1      0.50     150
96  0.4         3     0              0.8                1      0.60     150
99  0.4         3     0              0.8                1      0.75     150
102 0.4         3     0              1.0                1      0.50     150
105 0.4         3     0              1.0                1      0.60     150
108 0.4         3     0              1.0                1      0.75     150
         RMSE   Rsquared       MAE     RMSESD RsquaredSD       MAESD
1   0.8127752 0.09118110 0.2946980 0.08172205 0.02356260 0.007226845
4   0.8136422 0.08989019 0.2949534 0.08171977 0.02432732 0.006419732
7   0.8140735 0.08946143 0.2952677 0.08113849 0.02260373 0.007123903
10  0.8125945 0.09197639 0.2945566 0.08121383 0.02370056 0.007220730
13  0.8130473 0.09141667 0.2950765 0.08058112 0.02153963 0.007205791
16  0.8129579 0.09217377 0.2948852 0.08054678 0.02253422 0.007275634
55  0.8103865 0.09470372 0.2921944 0.08098882 0.02528499 0.006922410
58  0.8092507 0.09818015 0.2911091 0.08181012 0.02713249 0.007063081
61  0.8090545 0.09852294 0.2915497 0.08195864 0.02505682 0.006676004
64  0.8086788 0.09990647 0.2913059 0.08231839 0.03178664 0.006840073
67  0.8087581 0.09833920 0.2917159 0.08139238 0.02678109 0.006534805
70  0.8099699 0.09573168 0.2918980 0.08072027 0.02373033 0.006927621
19  0.8018933 0.11404147 0.2844621 0.08412584 0.03722207 0.008062558
22  0.8014863 0.11593416 0.2838415 0.08322975 0.03815334 0.007620945
25  0.7994442 0.11930339 0.2841195 0.08323669 0.03465592 0.007477823
28  0.7993787 0.11961079 0.2831566 0.08323308 0.03388121 0.007465201
31  0.7995046 0.11893460 0.2842768 0.08345054 0.03783454 0.007131129
34  0.8003272 0.11778784 0.2844416 0.08487641 0.03940532 0.006963852
73  0.7983508 0.12222025 0.2819878 0.08185582 0.03985514 0.007040683
76  0.7972455 0.12380818 0.2808134 0.08408956 0.03348963 0.006354561
79  0.7991420 0.11944202 0.2809577 0.08530778 0.03752130 0.007391924
82  0.8003529 0.11526122 0.2804181 0.08375567 0.03791686 0.006885495
85  0.7962983 0.12576035 0.2806308 0.08372527 0.03752779 0.006870304
88  0.7959682 0.12648314 0.2804049 0.08487279 0.04151701 0.007833385
37  0.7879766 0.14986170 0.2770032 0.08819217 0.05665798 0.007340859
40  0.7912374 0.14057297 0.2761435 0.08858666 0.04856028 0.007557547
43  0.7858628 0.15268954 0.2762768 0.08385518 0.05380924 0.008113947
46  0.7860320 0.15291364 0.2759087 0.08769032 0.05522792 0.007446970
49  0.7895137 0.14555446 0.2763658 0.08698264 0.05678409 0.008014538
52  0.7851762 0.15396962 0.2757535 0.08574190 0.05963370 0.006998172
91  0.7844409 0.15620392 0.2729251 0.08930116 0.06635001 0.007497792
94  0.7859445 0.16299339 0.2734341 0.10104303 0.08311467 0.009385010
97  0.7875383 0.15808677 0.2733249 0.09186143 0.06545730 0.008411892
100 0.7852393 0.15485370 0.2728924 0.08801983 0.06021292 0.008864106
103 0.7889640 0.15542221 0.2739271 0.09142448 0.07829831 0.009126320
106 0.7831183 0.15891546 0.2725337 0.09211735 0.05669530 0.007370096
2   0.8044131 0.10837903 0.2874719 0.08210571 0.03057936 0.007301085
5   0.8055357 0.10642521 0.2878515 0.08324690 0.03087794 0.006886230
8   0.8047577 0.10870245 0.2876363 0.08178966 0.02855728 0.006955383
11  0.8036299 0.11045538 0.2868888 0.08226651 0.03071467 0.006924523
14  0.8027181 0.11310269 0.2872258 0.08360361 0.03474337 0.006916060
17  0.8035295 0.11116054 0.2874787 0.08169842 0.02901087 0.006834729
56  0.8022738 0.11093608 0.2844367 0.08293793 0.02957784 0.007296944
59  0.8015829 0.11346104 0.2846924 0.08264047 0.03171598 0.007066307
62  0.8002321 0.11724788 0.2846583 0.08288278 0.03345765 0.007040721
65  0.7997294 0.11770859 0.2838852 0.08253425 0.03464337 0.007083588
68  0.8014811 0.11335933 0.2851519 0.08115920 0.03001962 0.007035551
71  0.8031603 0.10952298 0.2847201 0.08140665 0.02829359 0.007033361
20  0.7997657 0.12584324 0.2784705 0.08635949 0.04808050 0.008797230
23  0.7965060 0.13184133 0.2768068 0.08293565 0.04918115 0.008012024
26  0.7925970 0.13542173 0.2770653 0.08464449 0.04438330 0.007657943
29  0.7944506 0.13294353 0.2766016 0.08471161 0.04254173 0.007425789
32  0.7914130 0.14026134 0.2763978 0.08550884 0.04902095 0.007041230
35  0.7932052 0.13454376 0.2771924 0.08679829 0.04598684 0.007230164
74  0.7944384 0.14213259 0.2738800 0.08656083 0.05270062 0.009067076
77  0.7944122 0.13680539 0.2745601 0.08616506 0.04527769 0.007094079
80  0.7931803 0.13645191 0.2736161 0.08655455 0.04672292 0.008097826
83  0.7947337 0.13383054 0.2743118 0.08554115 0.04535591 0.008093411
86  0.7893080 0.14455785 0.2727442 0.08448361 0.05114682 0.008106695
89  0.7954891 0.14099725 0.2737640 0.08927338 0.05336006 0.008416374
38  0.7782709 0.17469384 0.2690081 0.09282673 0.07569106 0.008773204
41  0.7845829 0.16166588 0.2691874 0.09577744 0.07055164 0.008780443
44  0.7780988 0.17428095 0.2691082 0.08923901 0.06890265 0.008991485
47  0.7773812 0.17382812 0.2678001 0.09252665 0.06701483 0.008247005
50  0.7759116 0.18226621 0.2679013 0.09791629 0.08553838 0.008678391
53  0.7783907 0.17195378 0.2683487 0.08871778 0.06886201 0.007756776
92  0.7826387 0.16260707 0.2674874 0.09039632 0.06453341 0.007866577
95  0.7958136 0.17137356 0.2681018 0.12015363 0.08869411 0.011115433
98  0.7846030 0.17283007 0.2663589 0.09393672 0.07135043 0.009813370
101 0.7804029 0.17032947 0.2654500 0.09438859 0.06367209 0.008643882
104 0.7829821 0.17642476 0.2669805 0.09994676 0.08788989 0.010013319
107 0.7810238 0.16332533 0.2667660 0.09099886 0.05395124 0.007870921
3   0.8011475 0.11427720 0.2833567 0.08240111 0.03302184 0.007439989
6   0.8009149 0.11584823 0.2836539 0.08374982 0.03438688 0.007246557
9   0.8016278 0.11420199 0.2837393 0.08168384 0.03045972 0.006893272
12  0.8010900 0.11623253 0.2829167 0.08277098 0.03663904 0.007010506
15  0.7990480 0.12075246 0.2832208 0.08287220 0.03739011 0.007559510
18  0.7985917 0.12192330 0.2835930 0.08220899 0.03436131 0.007049866
57  0.8009319 0.11651511 0.2808826 0.08317491 0.03708194 0.007521168
60  0.7988906 0.12031660 0.2814671 0.08247908 0.03755752 0.006856374
63  0.7976426 0.12233748 0.2814175 0.08257200 0.03522589 0.007237514
66  0.7969787 0.12428239 0.2796661 0.08402639 0.04149337 0.007045066
69  0.7977324 0.12256924 0.2806960 0.08245403 0.03826982 0.007378823
72  0.7996604 0.11728075 0.2816828 0.08209416 0.03269615 0.007217524
21  0.8000525 0.13164237 0.2744319 0.08632586 0.04976020 0.008643009
24  0.7954271 0.13979475 0.2727973 0.08448359 0.05778325 0.008501992
27  0.7877063 0.14955844 0.2728083 0.08594205 0.05228594 0.007864094
30  0.7917360 0.14122801 0.2731422 0.08475257 0.04698591 0.007952581
33  0.7928923 0.14699933 0.2725805 0.08895000 0.05721939 0.008530844
36  0.7911840 0.14451641 0.2731515 0.08767863 0.05416929 0.008387543
75  0.7979415 0.14829189 0.2715796 0.09475907 0.05939844 0.009346385
78  0.7915280 0.14925243 0.2712580 0.09009747 0.05966801 0.008335980
81  0.7885981 0.14710061 0.2705166 0.08824317 0.05169549 0.008320649
84  0.7933800 0.14219499 0.2712427 0.08615120 0.05062492 0.007932877
87  0.7906354 0.15186961 0.2697654 0.08842005 0.06601438 0.008432954
90  0.7929600 0.14868693 0.2709221 0.09239683 0.05993870 0.008696110
39  0.7750903 0.18146146 0.2657011 0.09627304 0.08432993 0.008202544
42  0.7835054 0.16890384 0.2657957 0.09943199 0.07505044 0.008621239
45  0.7797111 0.17698480 0.2663251 0.09285200 0.06859133 0.010033542
48  0.7734088 0.18571585 0.2643985 0.09434743 0.07368419 0.008949648
51  0.7796264 0.17962235 0.2647445 0.09677450 0.07738598 0.009449312
54  0.7763464 0.17842282 0.2649668 0.09104878 0.07156219 0.008183474
93  0.7823502 0.16297050 0.2635259 0.09121954 0.05969648 0.008651237
96  0.7971110 0.17555428 0.2647384 0.11874129 0.08871197 0.011435160
99  0.7876336 0.17376342 0.2638670 0.09750211 0.07581365 0.010240309
102 0.7784283 0.17627066 0.2635125 0.09528543 0.06538622 0.008328462
105 0.7818381 0.18062883 0.2635985 0.10028468 0.08504566 0.010282200
108 0.7786952 0.17239828 0.2636631 0.09473411 0.06521351 0.008237497
