[1] "Prediction Error: 5.01089"
BestTune:
  eta max_depth gamma colsample_bytree min_child_weight subsample nrounds
1 0.4         3     0              0.8                1       0.6     150
       RMSE  Rsquared       MAE     RMSESD RsquaredSD       MAESD
1 0.7723562 0.1848843 0.2638752 0.09197782 0.07371676 0.008950642
TuneResults:
    eta max_depth gamma colsample_bytree min_child_weight subsample nrounds
1   0.3         1     0              0.8                1      0.50      50
4   0.3         1     0              0.8                1      0.60      50
7   0.3         1     0              0.8                1      0.75      50
10  0.3         1     0              1.0                1      0.50      50
13  0.3         1     0              1.0                1      0.60      50
16  0.3         1     0              1.0                1      0.75      50
55  0.4         1     0              0.8                1      0.50      50
58  0.4         1     0              0.8                1      0.60      50
61  0.4         1     0              0.8                1      0.75      50
64  0.4         1     0              1.0                1      0.50      50
67  0.4         1     0              1.0                1      0.60      50
70  0.4         1     0              1.0                1      0.75      50
19  0.3         2     0              0.8                1      0.50      50
22  0.3         2     0              0.8                1      0.60      50
25  0.3         2     0              0.8                1      0.75      50
28  0.3         2     0              1.0                1      0.50      50
31  0.3         2     0              1.0                1      0.60      50
34  0.3         2     0              1.0                1      0.75      50
73  0.4         2     0              0.8                1      0.50      50
76  0.4         2     0              0.8                1      0.60      50
79  0.4         2     0              0.8                1      0.75      50
82  0.4         2     0              1.0                1      0.50      50
85  0.4         2     0              1.0                1      0.60      50
88  0.4         2     0              1.0                1      0.75      50
37  0.3         3     0              0.8                1      0.50      50
40  0.3         3     0              0.8                1      0.60      50
43  0.3         3     0              0.8                1      0.75      50
46  0.3         3     0              1.0                1      0.50      50
49  0.3         3     0              1.0                1      0.60      50
52  0.3         3     0              1.0                1      0.75      50
91  0.4         3     0              0.8                1      0.50      50
94  0.4         3     0              0.8                1      0.60      50
97  0.4         3     0              0.8                1      0.75      50
100 0.4         3     0              1.0                1      0.50      50
103 0.4         3     0              1.0                1      0.60      50
106 0.4         3     0              1.0                1      0.75      50
2   0.3         1     0              0.8                1      0.50     100
5   0.3         1     0              0.8                1      0.60     100
8   0.3         1     0              0.8                1      0.75     100
11  0.3         1     0              1.0                1      0.50     100
14  0.3         1     0              1.0                1      0.60     100
17  0.3         1     0              1.0                1      0.75     100
56  0.4         1     0              0.8                1      0.50     100
59  0.4         1     0              0.8                1      0.60     100
62  0.4         1     0              0.8                1      0.75     100
65  0.4         1     0              1.0                1      0.50     100
68  0.4         1     0              1.0                1      0.60     100
71  0.4         1     0              1.0                1      0.75     100
20  0.3         2     0              0.8                1      0.50     100
23  0.3         2     0              0.8                1      0.60     100
26  0.3         2     0              0.8                1      0.75     100
29  0.3         2     0              1.0                1      0.50     100
32  0.3         2     0              1.0                1      0.60     100
35  0.3         2     0              1.0                1      0.75     100
74  0.4         2     0              0.8                1      0.50     100
77  0.4         2     0              0.8                1      0.60     100
80  0.4         2     0              0.8                1      0.75     100
83  0.4         2     0              1.0                1      0.50     100
86  0.4         2     0              1.0                1      0.60     100
89  0.4         2     0              1.0                1      0.75     100
38  0.3         3     0              0.8                1      0.50     100
41  0.3         3     0              0.8                1      0.60     100
44  0.3         3     0              0.8                1      0.75     100
47  0.3         3     0              1.0                1      0.50     100
50  0.3         3     0              1.0                1      0.60     100
53  0.3         3     0              1.0                1      0.75     100
92  0.4         3     0              0.8                1      0.50     100
95  0.4         3     0              0.8                1      0.60     100
98  0.4         3     0              0.8                1      0.75     100
101 0.4         3     0              1.0                1      0.50     100
104 0.4         3     0              1.0                1      0.60     100
107 0.4         3     0              1.0                1      0.75     100
3   0.3         1     0              0.8                1      0.50     150
6   0.3         1     0              0.8                1      0.60     150
9   0.3         1     0              0.8                1      0.75     150
12  0.3         1     0              1.0                1      0.50     150
15  0.3         1     0              1.0                1      0.60     150
18  0.3         1     0              1.0                1      0.75     150
57  0.4         1     0              0.8                1      0.50     150
60  0.4         1     0              0.8                1      0.60     150
63  0.4         1     0              0.8                1      0.75     150
66  0.4         1     0              1.0                1      0.50     150
69  0.4         1     0              1.0                1      0.60     150
72  0.4         1     0              1.0                1      0.75     150
21  0.3         2     0              0.8                1      0.50     150
24  0.3         2     0              0.8                1      0.60     150
27  0.3         2     0              0.8                1      0.75     150
30  0.3         2     0              1.0                1      0.50     150
33  0.3         2     0              1.0                1      0.60     150
36  0.3         2     0              1.0                1      0.75     150
75  0.4         2     0              0.8                1      0.50     150
78  0.4         2     0              0.8                1      0.60     150
81  0.4         2     0              0.8                1      0.75     150
84  0.4         2     0              1.0                1      0.50     150
87  0.4         2     0              1.0                1      0.60     150
90  0.4         2     0              1.0                1      0.75     150
39  0.3         3     0              0.8                1      0.50     150
42  0.3         3     0              0.8                1      0.60     150
45  0.3         3     0              0.8                1      0.75     150
48  0.3         3     0              1.0                1      0.50     150
51  0.3         3     0              1.0                1      0.60     150
54  0.3         3     0              1.0                1      0.75     150
93  0.4         3     0              0.8                1      0.50     150
96  0.4         3     0              0.8                1      0.60     150
99  0.4         3     0              0.8                1      0.75     150
102 0.4         3     0              1.0                1      0.50     150
105 0.4         3     0              1.0                1      0.60     150
108 0.4         3     0              1.0                1      0.75     150
         RMSE   Rsquared       MAE     RMSESD RsquaredSD       MAESD
1   0.8136056 0.08774342 0.2944004 0.08065469 0.02192124 0.007366274
4   0.8129959 0.09101788 0.2945201 0.08172917 0.02402181 0.007386293
7   0.8145263 0.08691625 0.2953556 0.08128769 0.02263525 0.007066451
10  0.8131490 0.09041784 0.2943176 0.08129858 0.02324137 0.007178361
13  0.8140184 0.08743348 0.2954153 0.08083445 0.02153434 0.006736548
16  0.8136748 0.09068898 0.2953537 0.08133655 0.02401690 0.006831463
55  0.8104651 0.09319266 0.2916323 0.08234861 0.02516797 0.007830090
58  0.8088854 0.09851877 0.2918615 0.08307239 0.02977460 0.007053172
61  0.8097966 0.09660232 0.2915628 0.08147889 0.02476324 0.007131215
64  0.8090651 0.09808320 0.2911845 0.08137804 0.02522619 0.007420118
67  0.8087517 0.09986918 0.2905244 0.08285297 0.02826618 0.006917604
70  0.8094399 0.09757924 0.2910580 0.08169798 0.02591821 0.007090778
19  0.7996719 0.11914471 0.2846000 0.08639876 0.04580422 0.007523257
22  0.8017840 0.11417559 0.2840837 0.08503525 0.03812445 0.007119106
25  0.7991932 0.11924515 0.2840324 0.08242974 0.03480039 0.007628091
28  0.7997762 0.11788572 0.2844389 0.08395986 0.03451996 0.008355765
31  0.8019104 0.11354287 0.2846556 0.08385808 0.03839538 0.007688500
34  0.7997596 0.11786895 0.2841149 0.08304994 0.03537066 0.007177380
73  0.8001430 0.11801298 0.2807507 0.08407673 0.03898833 0.007198498
76  0.8001429 0.11941475 0.2825510 0.08503439 0.04370981 0.008228797
79  0.8000406 0.11741559 0.2815035 0.08347342 0.03431346 0.007743791
82  0.8009521 0.11764220 0.2808275 0.08461936 0.04143094 0.008123566
85  0.8000126 0.11811642 0.2813514 0.08411712 0.04149469 0.008560565
88  0.7992007 0.11977161 0.2814296 0.08461048 0.04035348 0.008576466
37  0.7891877 0.14541278 0.2773768 0.08721827 0.05188137 0.008613711
40  0.7916994 0.14098413 0.2770710 0.08884197 0.05412508 0.008591174
43  0.7871094 0.15234908 0.2761004 0.08638265 0.06162581 0.007917461
46  0.7889274 0.14563538 0.2770150 0.08912050 0.05631174 0.008166959
49  0.7887497 0.14615594 0.2767063 0.08890032 0.05719074 0.007998361
52  0.7858774 0.15283490 0.2761880 0.09011460 0.06092007 0.008180231
91  0.7845399 0.15260062 0.2737037 0.09017319 0.06032655 0.007880603
94  0.7853003 0.15261485 0.2735047 0.08586523 0.05466674 0.008119628
97  0.7816430 0.16189683 0.2731470 0.08850824 0.06074162 0.007982306
100 0.7868616 0.15660944 0.2740648 0.09101754 0.07401931 0.009089606
103 0.7855126 0.15168201 0.2737875 0.08793260 0.05870111 0.006998500
106 0.7867010 0.15167606 0.2732799 0.08817798 0.05447561 0.008367322
2   0.8060632 0.10365873 0.2881441 0.08175375 0.02869087 0.006834006
5   0.8044516 0.10842490 0.2877043 0.08194610 0.02896566 0.007430875
8   0.8053918 0.10651411 0.2876788 0.08223893 0.02857042 0.007088751
11  0.8055129 0.10582208 0.2876170 0.08220883 0.03040609 0.006973660
14  0.8041797 0.10903560 0.2873551 0.08212428 0.02990039 0.006719859
17  0.8041293 0.11010021 0.2872908 0.08240740 0.03019465 0.007055125
56  0.8027185 0.11070973 0.2846547 0.08409481 0.03380217 0.007914193
59  0.8020310 0.11180929 0.2847833 0.08353146 0.03200328 0.006941697
62  0.8020526 0.11298983 0.2850248 0.08211761 0.03144220 0.007200402
65  0.8018336 0.11419831 0.2841825 0.08341694 0.03604126 0.006898779
68  0.8017707 0.11341781 0.2844089 0.08367569 0.03287500 0.007438032
71  0.8010732 0.11476933 0.2847445 0.08276787 0.03223204 0.007426840
20  0.7974152 0.13478510 0.2774287 0.08930445 0.05731623 0.009009218
23  0.7969349 0.13113472 0.2772232 0.08812590 0.05192729 0.007613320
26  0.7949679 0.13268692 0.2770802 0.08333974 0.04744145 0.007956136
29  0.7911292 0.14348258 0.2768501 0.08765553 0.05751599 0.009447617
32  0.7965664 0.13484160 0.2771784 0.08627794 0.05524935 0.008700852
35  0.7950116 0.13329967 0.2776020 0.08383217 0.04487125 0.008246899
74  0.7979747 0.13204880 0.2754191 0.08367288 0.05226140 0.008405894
77  0.7968929 0.13431833 0.2757547 0.08900839 0.05973887 0.008822402
80  0.7932079 0.13704858 0.2749538 0.08670233 0.04625994 0.008167112
83  0.7963013 0.13372268 0.2760741 0.08452295 0.05215018 0.007648317
86  0.7951782 0.13686483 0.2749547 0.08595801 0.05805497 0.009401038
89  0.7952750 0.13546720 0.2743914 0.08527063 0.04940377 0.009019905
38  0.7756801 0.17994748 0.2702168 0.09466040 0.08206931 0.009132772
41  0.7873673 0.15771209 0.2702455 0.09248739 0.06467558 0.009534696
44  0.7789760 0.17819210 0.2693126 0.09531833 0.09330313 0.009151423
47  0.7793415 0.17133238 0.2684514 0.09080316 0.07198746 0.009046504
50  0.7784199 0.16981144 0.2687431 0.09034532 0.06822848 0.008055612
53  0.7782826 0.17571288 0.2687849 0.09273467 0.08083456 0.009167655
92  0.7819719 0.15698624 0.2674373 0.08719882 0.05619681 0.008282409
95  0.7779747 0.17271661 0.2671113 0.08964356 0.07038260 0.008365295
98  0.7760225 0.17709825 0.2680628 0.09366263 0.07801210 0.008620984
101 0.7907696 0.16168056 0.2685545 0.09711326 0.08121546 0.010198176
104 0.7807883 0.16497890 0.2673802 0.08774747 0.06300884 0.007214365
107 0.7829127 0.16115403 0.2677766 0.08932792 0.06353994 0.008799621
3   0.8027828 0.11241914 0.2842393 0.08219136 0.03726103 0.007685761
6   0.8010480 0.11461286 0.2835944 0.08226999 0.03324563 0.007821731
9   0.8019789 0.11244710 0.2842714 0.08169960 0.02985336 0.007024931
12  0.8021850 0.11360961 0.2831404 0.08316170 0.03719243 0.007467457
15  0.8006138 0.11685496 0.2836244 0.08261709 0.03577215 0.007384813
18  0.7994358 0.11940468 0.2837122 0.08250147 0.03545503 0.007078354
57  0.8015396 0.11540063 0.2813235 0.08351482 0.03877164 0.008214861
60  0.8009396 0.11596463 0.2814034 0.08215827 0.03527201 0.008279440
63  0.7988817 0.12048983 0.2813943 0.08203617 0.03692988 0.007611095
66  0.8006276 0.12028071 0.2807633 0.08487458 0.04593253 0.008406928
69  0.7998018 0.11911512 0.2808175 0.08392813 0.03996798 0.007617321
72  0.7985890 0.12071192 0.2814274 0.08264071 0.03593493 0.007221532
21  0.7918817 0.14961141 0.2737584 0.08981698 0.06406792 0.009063291
24  0.7939895 0.13976698 0.2737619 0.08858718 0.05514386 0.008805330
27  0.7929577 0.14236616 0.2738911 0.08606297 0.05585069 0.008414552
30  0.7868297 0.15353423 0.2723376 0.08736497 0.05989726 0.009476282
33  0.7928193 0.14331173 0.2736965 0.08718372 0.05575066 0.008336807
36  0.7919807 0.14501548 0.2739935 0.08594771 0.05545193 0.009269471
75  0.7965474 0.13883412 0.2727942 0.08446217 0.05451727 0.009343471
78  0.7988392 0.13982831 0.2733567 0.09089646 0.06339070 0.008656990
81  0.7911934 0.14550050 0.2717945 0.08792559 0.05488471 0.008116248
84  0.7912052 0.14535748 0.2726736 0.08648930 0.06023578 0.008147466
87  0.7959304 0.13886464 0.2723106 0.08658737 0.06091488 0.008814447
90  0.7926657 0.14179330 0.2721178 0.08520036 0.05310769 0.008566808
39  0.7748160 0.17981453 0.2664853 0.09456045 0.07643187 0.009610269
42  0.7843590 0.16518225 0.2663987 0.09356765 0.06647556 0.008935251
45  0.7790540 0.17860091 0.2663641 0.09334090 0.08726102 0.009619521
48  0.7794631 0.17071873 0.2660679 0.09339969 0.07115184 0.009078856
51  0.7787999 0.17025471 0.2653272 0.09130737 0.06560308 0.008029403
54  0.7761534 0.18209495 0.2657782 0.09434849 0.08513670 0.009922873
93  0.7883179 0.14966012 0.2657786 0.08829813 0.05609267 0.009001526
96  0.7723562 0.18488428 0.2638752 0.09197782 0.07371676 0.008950642
99  0.7752969 0.17958284 0.2652018 0.09175680 0.07375397 0.008755669
102 0.7894546 0.16677985 0.2647863 0.09304723 0.08536477 0.010637024
105 0.7837120 0.16063793 0.2646654 0.08529210 0.06067973 0.007541260
108 0.7845692 0.15802570 0.2648496 0.08621705 0.05997149 0.008964496
