[1] "Prediction Error: 4.93041"
BestTune:
  eta max_depth gamma colsample_bytree min_child_weight subsample nrounds
1 0.3         3     0                1                1       0.6     150
      RMSE  Rsquared       MAE     RMSESD RsquaredSD       MAESD
1 0.773036 0.1823309 0.2648659 0.09697969 0.07286402 0.008145221
TuneResults:
    eta max_depth gamma colsample_bytree min_child_weight subsample nrounds
1   0.3         1     0              0.8                1      0.50      50
4   0.3         1     0              0.8                1      0.60      50
7   0.3         1     0              0.8                1      0.75      50
10  0.3         1     0              1.0                1      0.50      50
13  0.3         1     0              1.0                1      0.60      50
16  0.3         1     0              1.0                1      0.75      50
55  0.4         1     0              0.8                1      0.50      50
58  0.4         1     0              0.8                1      0.60      50
61  0.4         1     0              0.8                1      0.75      50
64  0.4         1     0              1.0                1      0.50      50
67  0.4         1     0              1.0                1      0.60      50
70  0.4         1     0              1.0                1      0.75      50
19  0.3         2     0              0.8                1      0.50      50
22  0.3         2     0              0.8                1      0.60      50
25  0.3         2     0              0.8                1      0.75      50
28  0.3         2     0              1.0                1      0.50      50
31  0.3         2     0              1.0                1      0.60      50
34  0.3         2     0              1.0                1      0.75      50
73  0.4         2     0              0.8                1      0.50      50
76  0.4         2     0              0.8                1      0.60      50
79  0.4         2     0              0.8                1      0.75      50
82  0.4         2     0              1.0                1      0.50      50
85  0.4         2     0              1.0                1      0.60      50
88  0.4         2     0              1.0                1      0.75      50
37  0.3         3     0              0.8                1      0.50      50
40  0.3         3     0              0.8                1      0.60      50
43  0.3         3     0              0.8                1      0.75      50
46  0.3         3     0              1.0                1      0.50      50
49  0.3         3     0              1.0                1      0.60      50
52  0.3         3     0              1.0                1      0.75      50
91  0.4         3     0              0.8                1      0.50      50
94  0.4         3     0              0.8                1      0.60      50
97  0.4         3     0              0.8                1      0.75      50
100 0.4         3     0              1.0                1      0.50      50
103 0.4         3     0              1.0                1      0.60      50
106 0.4         3     0              1.0                1      0.75      50
2   0.3         1     0              0.8                1      0.50     100
5   0.3         1     0              0.8                1      0.60     100
8   0.3         1     0              0.8                1      0.75     100
11  0.3         1     0              1.0                1      0.50     100
14  0.3         1     0              1.0                1      0.60     100
17  0.3         1     0              1.0                1      0.75     100
56  0.4         1     0              0.8                1      0.50     100
59  0.4         1     0              0.8                1      0.60     100
62  0.4         1     0              0.8                1      0.75     100
65  0.4         1     0              1.0                1      0.50     100
68  0.4         1     0              1.0                1      0.60     100
71  0.4         1     0              1.0                1      0.75     100
20  0.3         2     0              0.8                1      0.50     100
23  0.3         2     0              0.8                1      0.60     100
26  0.3         2     0              0.8                1      0.75     100
29  0.3         2     0              1.0                1      0.50     100
32  0.3         2     0              1.0                1      0.60     100
35  0.3         2     0              1.0                1      0.75     100
74  0.4         2     0              0.8                1      0.50     100
77  0.4         2     0              0.8                1      0.60     100
80  0.4         2     0              0.8                1      0.75     100
83  0.4         2     0              1.0                1      0.50     100
86  0.4         2     0              1.0                1      0.60     100
89  0.4         2     0              1.0                1      0.75     100
38  0.3         3     0              0.8                1      0.50     100
41  0.3         3     0              0.8                1      0.60     100
44  0.3         3     0              0.8                1      0.75     100
47  0.3         3     0              1.0                1      0.50     100
50  0.3         3     0              1.0                1      0.60     100
53  0.3         3     0              1.0                1      0.75     100
92  0.4         3     0              0.8                1      0.50     100
95  0.4         3     0              0.8                1      0.60     100
98  0.4         3     0              0.8                1      0.75     100
101 0.4         3     0              1.0                1      0.50     100
104 0.4         3     0              1.0                1      0.60     100
107 0.4         3     0              1.0                1      0.75     100
3   0.3         1     0              0.8                1      0.50     150
6   0.3         1     0              0.8                1      0.60     150
9   0.3         1     0              0.8                1      0.75     150
12  0.3         1     0              1.0                1      0.50     150
15  0.3         1     0              1.0                1      0.60     150
18  0.3         1     0              1.0                1      0.75     150
57  0.4         1     0              0.8                1      0.50     150
60  0.4         1     0              0.8                1      0.60     150
63  0.4         1     0              0.8                1      0.75     150
66  0.4         1     0              1.0                1      0.50     150
69  0.4         1     0              1.0                1      0.60     150
72  0.4         1     0              1.0                1      0.75     150
21  0.3         2     0              0.8                1      0.50     150
24  0.3         2     0              0.8                1      0.60     150
27  0.3         2     0              0.8                1      0.75     150
30  0.3         2     0              1.0                1      0.50     150
33  0.3         2     0              1.0                1      0.60     150
36  0.3         2     0              1.0                1      0.75     150
75  0.4         2     0              0.8                1      0.50     150
78  0.4         2     0              0.8                1      0.60     150
81  0.4         2     0              0.8                1      0.75     150
84  0.4         2     0              1.0                1      0.50     150
87  0.4         2     0              1.0                1      0.60     150
90  0.4         2     0              1.0                1      0.75     150
39  0.3         3     0              0.8                1      0.50     150
42  0.3         3     0              0.8                1      0.60     150
45  0.3         3     0              0.8                1      0.75     150
48  0.3         3     0              1.0                1      0.50     150
51  0.3         3     0              1.0                1      0.60     150
54  0.3         3     0              1.0                1      0.75     150
93  0.4         3     0              0.8                1      0.50     150
96  0.4         3     0              0.8                1      0.60     150
99  0.4         3     0              0.8                1      0.75     150
102 0.4         3     0              1.0                1      0.50     150
105 0.4         3     0              1.0                1      0.60     150
108 0.4         3     0              1.0                1      0.75     150
         RMSE   Rsquared       MAE     RMSESD RsquaredSD       MAESD
1   0.8122177 0.09183432 0.2935741 0.07959314 0.01607904 0.006916124
4   0.8124302 0.09178985 0.2940462 0.08087277 0.01876786 0.007242014
7   0.8128536 0.09188221 0.2937886 0.08012467 0.01829623 0.006968944
10  0.8113293 0.09450896 0.2928067 0.07945250 0.01644190 0.007106590
13  0.8121546 0.09276485 0.2935723 0.08007451 0.01778457 0.007648754
16  0.8121103 0.09417005 0.2937345 0.07980622 0.01742411 0.007022897
55  0.8074584 0.09994997 0.2898747 0.08021520 0.01882210 0.007455853
58  0.8072230 0.10238104 0.2895518 0.08203561 0.02444699 0.007275553
61  0.8082768 0.09979412 0.2898019 0.08032814 0.01896807 0.007328655
64  0.8073497 0.10058173 0.2894297 0.08080244 0.02278808 0.007036925
67  0.8064142 0.10329660 0.2890353 0.08092140 0.02183651 0.007697169
70  0.8081664 0.10011762 0.2902415 0.08016175 0.01938883 0.006874752
19  0.7995141 0.11756388 0.2826203 0.08167846 0.02812833 0.007839847
22  0.7979374 0.12071673 0.2821468 0.08263412 0.02762625 0.007518614
25  0.7968272 0.12275506 0.2824885 0.08235354 0.02887967 0.007373670
28  0.7977247 0.12147458 0.2821768 0.08394280 0.03313135 0.007608257
31  0.7986532 0.11926779 0.2821622 0.08185035 0.02757714 0.007039087
34  0.7987647 0.11936479 0.2820731 0.08313177 0.03185592 0.007353242
73  0.7950735 0.12863869 0.2793563 0.08536390 0.04031393 0.008259866
76  0.7952001 0.12759757 0.2793107 0.08551687 0.03700732 0.007974850
79  0.7974837 0.12125663 0.2798567 0.08231978 0.03011095 0.007636479
82  0.8019936 0.11185398 0.2815366 0.08394672 0.03216817 0.007636835
85  0.7957073 0.12690550 0.2789762 0.08361450 0.03645385 0.008146774
88  0.7954947 0.12617023 0.2794177 0.08056499 0.03156274 0.007474632
37  0.7864459 0.14867833 0.2753317 0.08989379 0.06150841 0.008364324
40  0.7917713 0.14040002 0.2753326 0.08677290 0.05282294 0.009466164
43  0.7861623 0.14791772 0.2752202 0.08396699 0.04173897 0.008509146
46  0.7822750 0.15880393 0.2754599 0.09095568 0.06509918 0.008002927
49  0.7846434 0.15244543 0.2754637 0.09031958 0.05472171 0.007512420
52  0.7877192 0.14721099 0.2749167 0.08794368 0.05089671 0.007608816
91  0.7819094 0.15959987 0.2720858 0.08952945 0.05820190 0.007660335
94  0.7826667 0.15865248 0.2727392 0.08812409 0.06565691 0.009366126
97  0.7839098 0.15419383 0.2719388 0.09293163 0.06396833 0.007678490
100 0.7843104 0.15669675 0.2716608 0.09442034 0.06515042 0.008521523
103 0.7854085 0.15302010 0.2718484 0.09019694 0.05060373 0.008547725
106 0.7861666 0.15399145 0.2722872 0.08705561 0.06338570 0.009282638
2   0.8042594 0.10588053 0.2855235 0.08129298 0.02428959 0.007421238
5   0.8042262 0.10634841 0.2855159 0.08104354 0.02179502 0.007236438
8   0.8035950 0.10884620 0.2858048 0.08130101 0.02460693 0.007129431
11  0.8030913 0.10922467 0.2852031 0.07920808 0.02172179 0.007001829
14  0.8026597 0.11094342 0.2851115 0.08132201 0.02412786 0.007432327
17  0.8025330 0.11074759 0.2856358 0.08055186 0.02168122 0.007605043
56  0.8007930 0.11374153 0.2831975 0.08137502 0.02575477 0.007067313
59  0.8003535 0.11510868 0.2829698 0.08177241 0.02606945 0.007394354
62  0.8000313 0.11683835 0.2829490 0.08065683 0.02712444 0.007285327
65  0.7978527 0.12046998 0.2822374 0.08155189 0.02846441 0.006771888
68  0.7991720 0.11732263 0.2828165 0.08120048 0.02703622 0.007697447
71  0.7990524 0.11802577 0.2823923 0.08055602 0.02299295 0.007414672
20  0.7939539 0.13314058 0.2754945 0.08647934 0.04582041 0.008869169
23  0.7895490 0.13934599 0.2753922 0.08487231 0.03704411 0.007069657
26  0.7883480 0.14167572 0.2756667 0.08385285 0.03668421 0.007346094
29  0.7885595 0.14298727 0.2755429 0.08637235 0.04778136 0.007252451
32  0.7913712 0.13603543 0.2750386 0.08270643 0.03362022 0.006514885
35  0.7895438 0.14078058 0.2754637 0.08572151 0.04318065 0.007122231
74  0.7873049 0.15041864 0.2724545 0.08865996 0.05596219 0.008225377
77  0.7817456 0.15867887 0.2717092 0.08745139 0.04697273 0.007251615
80  0.7918278 0.13631262 0.2736257 0.08295263 0.04144604 0.007767265
83  0.7919702 0.13915133 0.2740362 0.09114423 0.05852341 0.008533942
86  0.7906348 0.14241745 0.2726543 0.08400036 0.04384876 0.007852841
89  0.7882412 0.14616785 0.2726200 0.08170221 0.04857726 0.007607813
38  0.7808083 0.16448545 0.2685536 0.09228851 0.07166460 0.008051670
41  0.7785089 0.17088651 0.2677745 0.09092026 0.07159030 0.009138407
44  0.7789302 0.16567753 0.2678562 0.08712960 0.05698200 0.008182274
47  0.7778772 0.16942851 0.2683971 0.09261434 0.06543924 0.007956945
50  0.7744547 0.17624661 0.2676898 0.09547480 0.06918392 0.007482753
53  0.7772597 0.17366112 0.2680260 0.09503589 0.06946039 0.008041599
92  0.7846828 0.16050334 0.2665170 0.09183387 0.06201198 0.007626165
95  0.7813489 0.16429903 0.2670826 0.09106268 0.06701565 0.009231424
98  0.7766900 0.17332974 0.2660302 0.09484556 0.07216137 0.008044176
101 0.7834732 0.16505644 0.2665262 0.09991070 0.07368959 0.009312047
104 0.7805447 0.16589097 0.2659843 0.09058363 0.05712305 0.008533972
107 0.7821170 0.16543273 0.2661051 0.09272017 0.07331517 0.009334734
3   0.8007176 0.11377675 0.2816100 0.08109943 0.02774773 0.007531036
6   0.7993516 0.11793645 0.2818787 0.08159771 0.02664644 0.007130115
9   0.7983980 0.11990260 0.2816109 0.08125868 0.02632637 0.007070417
12  0.7969575 0.12241322 0.2810413 0.08046956 0.02788401 0.007405641
15  0.7972933 0.12183750 0.2808823 0.08052818 0.02537089 0.007331610
18  0.7984102 0.11910028 0.2822539 0.07986288 0.02380833 0.007523377
57  0.7961140 0.12529418 0.2790714 0.08253481 0.03550393 0.007326446
60  0.7951857 0.12760621 0.2789885 0.08136598 0.03234456 0.007483134
63  0.7949636 0.12775700 0.2791919 0.08137238 0.03180975 0.007151607
66  0.7972506 0.12427921 0.2794499 0.08164299 0.03199258 0.007580565
69  0.7958163 0.12450330 0.2790904 0.08185292 0.02813051 0.008050390
72  0.7942592 0.12912587 0.2788577 0.08104563 0.02914319 0.007251554
21  0.7874950 0.15110639 0.2719942 0.08853169 0.05788515 0.009000252
24  0.7856149 0.14954899 0.2716099 0.08486520 0.04474379 0.007420261
27  0.7821077 0.15684674 0.2713713 0.08671275 0.04667022 0.007575602
30  0.7812762 0.16121081 0.2715480 0.08817439 0.05855468 0.007313649
33  0.7879041 0.14514173 0.2712896 0.08264260 0.03758967 0.006831778
36  0.7867584 0.14799469 0.2721057 0.08635678 0.04268820 0.006798650
75  0.7864884 0.15301095 0.2689897 0.08763635 0.05325392 0.008672484
78  0.7800013 0.16339734 0.2691655 0.08789112 0.05173294 0.006986829
81  0.7889092 0.14384661 0.2702305 0.08462766 0.04383067 0.006992462
84  0.7879632 0.15104271 0.2710185 0.09655340 0.06963039 0.007755215
87  0.7899447 0.15120898 0.2694107 0.09043695 0.05897379 0.008642191
90  0.7862150 0.15475369 0.2696860 0.08336807 0.05661959 0.008443642
39  0.7830990 0.16240705 0.2662185 0.09054685 0.06609138 0.008317676
42  0.7796838 0.16884992 0.2643467 0.09060392 0.06563238 0.008875596
45  0.7766248 0.17325960 0.2650363 0.09001129 0.06652427 0.008765327
48  0.7767599 0.17489150 0.2653810 0.09366919 0.06686253 0.007633295
51  0.7730360 0.18233085 0.2648659 0.09697969 0.07286402 0.008145221
54  0.7762769 0.17761878 0.2650230 0.09893294 0.07606803 0.008460356
93  0.7807992 0.16954172 0.2631205 0.09444627 0.07022846 0.008126985
96  0.7886915 0.15747870 0.2645327 0.09035481 0.06641535 0.009601399
99  0.7763584 0.17472657 0.2630189 0.09498302 0.06971705 0.008409856
102 0.7812196 0.16816083 0.2635347 0.09847158 0.07759087 0.009427618
105 0.7790623 0.17012885 0.2632243 0.08997264 0.05902685 0.008989597
108 0.7796093 0.17223355 0.2627934 0.09330433 0.07322929 0.009552025
