BestTune:
   k  Accuracy      Kappa   AccuracySD    KappaSD
1 18 0.9384941 0.03085255 0.0008417255 0.01614718
TuneResults:
    k  Accuracy      Kappa   AccuracySD    KappaSD
1  10 0.9377470 0.06118407 0.0013496350 0.02507962
2  12 0.9381991 0.05405644 0.0011407591 0.01940432
3  14 0.9383979 0.04438455 0.0009905437 0.02043690
4  16 0.9384332 0.03630016 0.0009702530 0.01799440
5  18 0.9384941 0.03085255 0.0008417255 0.01614718
6  20 0.9384877 0.02745574 0.0007174641 0.01542402
7  22 0.9384140 0.02417099 0.0006421704 0.01433334
8  24 0.9384172 0.02185777 0.0006252725 0.01301736
9  26 0.9383466 0.01969603 0.0006274442 0.01260338
10 28 0.9383242 0.01656640 0.0005636515 0.01213759
11 30 0.9383306 0.01562052 0.0005634508 0.01162294
