BestTune:
   k  Accuracy     Kappa  AccuracySD    KappaSD
1 15 0.8979214 0.1249191 0.001747378 0.02059102
TuneResults:
    k  Accuracy     Kappa  AccuracySD    KappaSD
1  15 0.8979214 0.1249191 0.001747378 0.02059102
2  16 0.8977647 0.1222409 0.001677092 0.01986285
3  17 0.8978774 0.1182202 0.001624129 0.01951292
4  18 0.8977812 0.1178322 0.001697652 0.01994315
5  19 0.8978500 0.1137338 0.001659648 0.02008484
6  20 0.8977895 0.1122160 0.001647463 0.01958325
7  21 0.8977647 0.1091431 0.001568022 0.01899055
8  22 0.8975970 0.1073547 0.001655084 0.01969380
9  23 0.8975887 0.1043742 0.001494869 0.01828090
10 24 0.8975640 0.1033885 0.001625857 0.01945642
11 25 0.8975365 0.1011419 0.001616869 0.01926285
