BestTune:
   k  Accuracy     Kappa  AccuracySD    KappaSD
1 25 0.8695354 0.2126257 0.002816558 0.02226926
TuneResults:
    k  Accuracy     Kappa  AccuracySD    KappaSD
1  15 0.8675501 0.2313932 0.003140770 0.02288088
2  16 0.8675435 0.2293010 0.002967386 0.02139459
3  17 0.8679691 0.2254433 0.003030826 0.02113815
4  18 0.8676366 0.2217914 0.002989004 0.02131057
5  19 0.8683116 0.2215142 0.003064388 0.02154297
6  20 0.8683481 0.2200776 0.002948208 0.02163432
7  21 0.8691197 0.2201771 0.003087543 0.02227252
8  22 0.8689801 0.2185610 0.002909942 0.02098869
9  23 0.8692693 0.2160561 0.002823241 0.02204230
10 24 0.8691297 0.2133533 0.002914425 0.02139413
11 25 0.8695354 0.2126257 0.002816558 0.02226926
