BestTune:
   k  Accuracy    Kappa  AccuracySD    KappaSD
1 23 0.8341162 0.383578 0.004194728 0.01697171
TuneResults:
    k  Accuracy     Kappa  AccuracySD    KappaSD
1  15 0.8328019 0.3851446 0.004038831 0.01631833
2  16 0.8324954 0.3836596 0.004347068 0.01728665
3  17 0.8329188 0.3836096 0.004429327 0.01752896
4  18 0.8325924 0.3819921 0.004183354 0.01666443
5  19 0.8332827 0.3829390 0.004302898 0.01724429
6  20 0.8336112 0.3838999 0.004038987 0.01581598
7  21 0.8339619 0.3841448 0.004151986 0.01656765
8  22 0.8336928 0.3831227 0.004113128 0.01657426
9  23 0.8341162 0.3835780 0.004194728 0.01697171
10 24 0.8339112 0.3820779 0.004337204 0.01751390
11 25 0.8339508 0.3814396 0.004265937 0.01705070
