BestTune:
   k  Accuracy     Kappa  AccuracySD    KappaSD
1 23 0.8451538 0.2947107 0.003524007 0.01815312
TuneResults:
    k  Accuracy     Kappa  AccuracySD    KappaSD
1  15 0.8432926 0.3073258 0.003655358 0.01774134
2  16 0.8432861 0.3061157 0.003584679 0.01742136
3  17 0.8442049 0.3056042 0.003472938 0.01728085
4  18 0.8442157 0.3044379 0.003509102 0.01732851
5  19 0.8448318 0.3023412 0.003569550 0.01798628
6  20 0.8447159 0.3008922 0.003483973 0.01747489
7  21 0.8449842 0.2984131 0.003377960 0.01712352
8  22 0.8446107 0.2954343 0.003586456 0.01848504
9  23 0.8451538 0.2947107 0.003524007 0.01815312
10 24 0.8450465 0.2937311 0.003504798 0.01802979
11 25 0.8450443 0.2912535 0.003373194 0.01789670
